5.124947056174278259e-03
-4.794285446405410767e-02
4.497440066188573837e-03
2.434383891522884369e-02
3.031269460916519165e-02
-6.016907282173633575e-03
2.420442365109920502e-02
3.176686167716979980e-02
8.818054571747779846e-03
2.440966852009296417e-02
-9.304048493504524231e-03
1.078495290130376816e-02
5.582993477582931519e-02
5.492683034390211105e-03
4.810534790158271790e-02
9.726045653223991394e-03
1.667238958179950714e-02
3.407273069024085999e-02
1.867075636982917786e-02
1.333632785826921463e-02
4.717421531677246094e-02
4.198266193270683289e-02
7.671250402927398682e-02
3.938068822026252747e-02
-2.767337486147880554e-02
7.960447110235691071e-03
-1.998435705900192261e-02
-4.687971435487270355e-03
-1.505469903349876404e-02
-5.463740974664688110e-02
-9.652330540120601654e-03
1.309595629572868347e-02
-3.007083944976329803e-02
2.760183531790971756e-03
5.198570340871810913e-02
-2.899278514087200165e-02
