6.468231230974197388e-02
8.270645886659622192e-02
4.252935200929641724e-02
4.094658419489860535e-02
6.250505149364471436e-02
4.468780383467674255e-02
4.850735887885093689e-02
2.272138744592666626e-02
3.668738156557083130e-02
4.060646891593933105e-02
4.399505257606506348e-02
5.234293267130851746e-02
1.980707608163356781e-02
4.243822395801544189e-02
8.280374854803085327e-02
6.751488149166107178e-02
4.208832234144210815e-02
2.517243474721908569e-02
8.004998415708541870e-02
7.931537181138992310e-02
8.386339992284774780e-02
4.426770657300949097e-02
6.716523319482803345e-02
6.728560477495193481e-02
3.641968965530395508e-02
3.900722041726112366e-02
4.059290885925292969e-02
5.476474389433860779e-02
3.528992459177970886e-02
9.902373887598514557e-03
8.497430384159088135e-02
1.624720543622970581e-02
1.547005679458379745e-02
2.729741483926773071e-02
7.747852802276611328e-02
6.192524731159210205e-02
7.723555713891983032e-02
1.083024963736534119e-01
1.600405760109424591e-02
1.669820584356784821e-02
2.521577477455139160e-02
1.465906668454408646e-02
4.052257165312767029e-02
5.813918262720108032e-02
6.665317714214324951e-02
5.112314596772193909e-02
7.123363018035888672e-02
4.376925155520439148e-02
8.224707841873168945e-02
4.393604025244712830e-02
4.348812624812126160e-02
1.626258529722690582e-02
9.821678698062896729e-02
5.853166058659553528e-02
2.798614557832479477e-03
4.138758033514022827e-02
3.245984762907028198e-02
3.090489469468593597e-02
4.438579827547073364e-02
4.397212341427803040e-02
8.699710480868816376e-03
6.364414095878601074e-02
2.330962009727954865e-02
4.321573302149772644e-02
3.979751095175743103e-02
-7.656485773622989655e-03
3.356888145208358765e-02
7.080899924039840698e-02
4.353458434343338013e-02
1.127813011407852173e-02
2.323713526129722595e-02
4.157306626439094543e-02
4.089722037315368652e-02
6.774844229221343994e-02
6.058204919099807739e-02
4.142052307724952698e-02
6.227776408195495605e-02
4.604972153902053833e-02
8.374536782503128052e-02
3.144527226686477661e-02
4.308279231190681458e-02
6.697670370340347290e-02
4.225913807749748230e-02
1.621744409203529358e-02
7.226666063070297241e-02
5.133800953626632690e-02
7.677753269672393799e-02
7.466775178909301758e-02
6.425582617521286011e-02
3.644963726401329041e-02
5.798755586147308350e-02
5.613616108894348145e-02
5.654224380850791931e-02
7.325806468725204468e-02
3.146181628108024597e-02
1.619756035506725311e-02
7.083991169929504395e-02
6.842752546072006226e-02
1.460382807999849319e-02
3.649181872606277466e-02
7.341611385345458984e-02
8.195628970861434937e-02
4.344547539949417114e-02
4.952873662114143372e-02
-9.750028140842914581e-03
4.822883382439613342e-02
6.456903368234634399e-02
4.588764160871505737e-02
-2.957120072096586227e-03
3.770441561937332153e-02
4.255395755171775818e-02
1.714595966041088104e-02
5.982009693980216980e-02
3.251716867089271545e-02
6.221235170960426331e-02
6.728089600801467896e-02
3.396609425544738770e-02
7.434827089309692383e-02
4.188089445233345032e-02
4.194927588105201721e-02
-6.319794338196516037e-03
7.157333195209503174e-02
6.180118396878242493e-02
8.057769387960433960e-02
4.386362805962562561e-02
4.161217063665390015e-02
4.065405577421188354e-02
4.455504193902015686e-02
