-1.350200772285461426e-01
7.456936687231063843e-02
5.574060231447219849e-02
-1.256544440984725952e-01
-8.680374920368194580e-02
-1.003025844693183899e-01
1.499598175287246704e-01
-7.110907137393951416e-02
-1.197812035679817200e-01
-5.596986040472984314e-02
-3.860807791352272034e-02
6.757969409227371216e-02
-1.744919419288635254e-01
-1.220824047923088074e-01
-1.198806148022413254e-02
8.180089294910430908e-02
9.605114907026290894e-02
-1.920403093099594116e-01
6.347343325614929199e-02
2.922194078564643860e-02
-1.369690150022506714e-01
-1.365750581026077271e-01
-8.709327317774295807e-03
1.749648898839950562e-02
3.747782483696937561e-02
-1.501681748777627945e-02
-2.643058598041534424e-01
2.227499708533287048e-02
3.126524016261100769e-02
3.927095606923103333e-02
-2.037902921438217163e-01
-5.720356106758117676e-02
-5.285992473363876343e-02
5.975737795233726501e-02
5.919547006487846375e-02
7.513375580310821533e-02
6.844749301671981812e-02
-1.082512438297271729e-01
-3.227286040782928467e-02
7.712259143590927124e-02
-1.364151239395141602e-01
-1.933552473783493042e-01
6.724060326814651489e-02
-1.280594915151596069e-01
9.126349538564682007e-02
-1.131428256630897522e-01
-1.950874030590057373e-01
6.798023730516433716e-02
9.232334047555923462e-02
5.623302608728408813e-02
-9.488061070442199707e-03
5.273878574371337891e-02
-1.900273747742176056e-02
2.274818718433380127e-02
-2.154199220240116119e-02
-8.369759470224380493e-02
-9.062557667493820190e-02
-6.295227259397506714e-02
6.882115732878446579e-03
-3.074203059077262878e-02
-5.568084120750427246e-02
9.969242662191390991e-02
1.085375472903251648e-01
-9.820808470249176025e-02
1.303379684686660767e-01
1.251205895096063614e-02
1.126345768570899963e-01
-1.772146821022033691e-01
-7.535536587238311768e-02
-2.127853035926818848e-01
8.303145319223403931e-02
3.487187786959111691e-04
2.597923390567302704e-02
4.640234634280204773e-02
1.012814119458198547e-01
1.663030683994293213e-02
1.573062129318714142e-02
1.420157309621572495e-02
7.687903940677642822e-02
1.028795447200536728e-02
-2.473855912685394287e-01
-2.360018491744995117e-01
-1.570574939250946045e-01
1.104755997657775879e-01
-2.508194446563720703e-01
8.705522119998931885e-02
5.397360026836395264e-02
-1.482410430908203125e-01
3.788213804364204407e-02
-4.599997773766517639e-02
3.942957520484924316e-02
-6.104331463575363159e-02
-7.896858453750610352e-02
-3.954286500811576843e-02
-9.101960808038711548e-03
6.603194028139114380e-02
9.340026229619979858e-02
-1.100175082683563232e-02
-1.543369423598051071e-02
3.601956414058804512e-03
3.419939428567886353e-02
3.947645798325538635e-02
-7.840199023485183716e-02
-5.165776237845420837e-02
3.325472399592399597e-02
-1.351720094680786133e-02
-1.387816760689020157e-02
3.493416681885719299e-02
-3.342843428254127502e-02
-3.165487945079803467e-02
5.495310202240943909e-02
-2.059415578842163086e-01
-1.126362681388854980e-01
9.638170897960662842e-02
8.200541138648986816e-02
-2.257869020104408264e-02
-4.781459271907806396e-02
2.122178301215171814e-02
-8.498558402061462402e-02
4.232928156852722168e-02
-8.010013401508331299e-02
-4.736499488353729248e-02
-2.458465751260519028e-03
-6.408059503883123398e-03
-1.844842452555894852e-03
-1.723456382751464844e-02
3.940775245428085327e-02
-5.409488454461097717e-02
-3.925459831953048706e-02
-2.059430629014968872e-02
6.572151184082031250e-02
-6.689466536045074463e-02
2.781911520287394524e-03
4.897783976048231125e-03
4.358522593975067139e-03
1.544799096882343292e-02
9.514162316918373108e-03
7.914301007986068726e-02
-4.543182998895645142e-02
1.579596661031246185e-02
-4.051179811358451843e-02
-1.271198093891143799e-01
7.049188017845153809e-02
1.155627593398094177e-01
-2.073480486869812012e-01
-5.107761174440383911e-02
3.640732169151306152e-02
-1.571559756994247437e-01
9.156102687120437622e-02
-1.403264850378036499e-01
-9.952290356159210205e-02
-1.252711713314056396e-01
-1.559191644191741943e-01
-1.542871743440628052e-01
6.135809794068336487e-02
8.511219918727874756e-02
1.059035807847976685e-01
6.975772790610790253e-03
1.009554266929626465e-01
7.487065345048904419e-02
7.985440641641616821e-02
6.016083434224128723e-02
-3.729515895247459412e-02
6.223530322313308716e-02
-3.188139200210571289e-02
-6.762387603521347046e-02
-2.833279967308044434e-02
-1.495206449180841446e-02
3.322669863700866699e-02
-1.263669505715370178e-02
-6.807988137006759644e-02
-6.589641422033309937e-02
-3.649134561419487000e-02
-9.686816483736038208e-03
-7.034827768802642822e-02
-6.429780740290880203e-03
2.618469111621379852e-02
-4.784860182553529739e-03
-4.727628827095031738e-02
-2.559104189276695251e-02
-1.850949376821517944e-01
1.387434732168912888e-02
1.055451482534408569e-01
7.355467230081558228e-02
-1.365968436002731323e-01
1.085581704974174500e-01
-9.796208888292312622e-02
-1.777737885713577271e-01
1.182265356183052063e-01
-3.585575148463249207e-02
-6.371971219778060913e-02
5.035425722599029541e-02
-2.697458304464817047e-02
-4.741347953677177429e-02
4.587086662650108337e-02
-1.192194670438766479e-01
1.086739227175712585e-01
8.729634433984756470e-02
1.076667830348014832e-01
-1.109598278999328613e-01
1.068455949425697327e-01
-8.984360843896865845e-02
-1.473103165626525879e-01
-2.759664319455623627e-02
1.027144938707351685e-01
-1.240149959921836853e-01
7.821653038263320923e-02
-1.289986222982406616e-01
-2.149982154369354248e-01
9.360771626234054565e-02
7.272993028163909912e-02
-5.756928026676177979e-02
2.888107858598232269e-02
2.738356217741966248e-02
3.943767771124839783e-02
-2.528064697980880737e-02
9.118331223726272583e-02
5.333518236875534058e-02
7.771756500005722046e-02
4.948196187615394592e-02
-1.144025251269340515e-01
6.883990764617919922e-02
-1.430345475673675537e-01
-2.258909791707992554e-01
1.105141937732696533e-01
-7.782437652349472046e-02
4.480768740177154541e-02
-6.928864121437072754e-02
-1.440037488937377930e-01
1.027410924434661865e-01
7.875909656286239624e-02
-1.154033690690994263e-01
1.951886527240276337e-02
-7.166863884776830673e-03
-2.779720723628997803e-01
6.730692833662033081e-02
-3.419575467705726624e-02
3.518359735608100891e-02
-5.462644249200820923e-02
-1.092258375138044357e-02
-1.669213920831680298e-02
1.118028443306684494e-02
-3.079458884894847870e-02
3.316751867532730103e-02
-2.582120709121227264e-02
6.618324667215347290e-02
-7.424211595207452774e-03
1.515642926096916199e-02
1.716679148375988007e-02
-4.828653298318386078e-03
-5.203960835933685303e-02
3.459921106696128845e-02
-7.990819960832595825e-02
3.784509375691413879e-02
-1.836613938212394714e-02
4.604167118668556213e-02
2.324787899851799011e-02
7.250282168388366699e-02
-3.934076055884361267e-02
-7.107767462730407715e-02
5.052181705832481384e-02
-4.761876538395881653e-02
-1.920638605952262878e-02
6.289318203926086426e-02
-5.574686918407678604e-03
1.101533509790897369e-02
-7.696378976106643677e-02
1.430174428969621658e-02
-5.468316748738288879e-02
3.334502689540386200e-03
1.151662766933441162e-01
-1.387872397899627686e-01
-1.524760425090789795e-01
3.626975417137145996e-02
-6.172498688101768494e-02
-5.711346864700317383e-02
1.252366900444030762e-01
1.326210200786590576e-01
-3.308688476681709290e-02
-8.516701310873031616e-02
-1.498169898986816406e-01
1.870762258768081665e-01
-3.383511304855346680e-02
-1.025956943631172180e-01
-9.394338726997375488e-02
7.369200699031352997e-03
-3.351742029190063477e-02
-6.117368862032890320e-02
-1.434815078973770142e-01
-1.496398076415061951e-02
6.428062915802001953e-02
-1.025076657533645630e-01
1.620326749980449677e-02
-8.830683678388595581e-02
4.246165230870246887e-02
5.751677602529525757e-02
-1.168158352375030518e-01
-1.964898966252803802e-02
6.469785422086715698e-02
-7.949167490005493164e-02
-1.271236091852188110e-01
8.014740794897079468e-02
-1.274475306272506714e-01
-1.537659317255020142e-01
1.046004071831703186e-01
-2.474800497293472290e-01
-1.385781466960906982e-01
-2.628444880247116089e-02
9.991499595344066620e-03
1.142152249813079834e-01
-3.458911669440567493e-05
-8.485363423824310303e-02
7.042694091796875000e-02
-5.427157133817672729e-02
-1.006559655070304871e-01
-5.925856903195381165e-02
-7.957430928945541382e-02
-1.854562200605869293e-02
-2.250367403030395508e-02
-3.316331282258033752e-02
-2.011034637689590454e-02
-4.450888559222221375e-02
-5.318712070584297180e-02
1.816726289689540863e-02
-3.884573653340339661e-02
2.555075101554393768e-02
-5.500676110386848450e-02
-1.415503676980733871e-02
-6.585913244634866714e-03
-2.217849344015121460e-02
1.446468532085418701e-01
-1.084699332714080811e-01
-5.982356145977973938e-02
-1.064580976963043213e-01
3.825726360082626343e-02
1.225781664252281189e-01
-1.530080474913120270e-02
1.490092277526855469e-01
-1.490918993949890137e-01
-1.435181591659784317e-02
-1.391322258859872818e-02
8.548543602228164673e-02
8.412336558103561401e-02
7.569015771150588989e-02
-1.011208519339561462e-01
-1.555796116590499878e-01
-1.982310265302658081e-01
7.278002053499221802e-02
6.890219449996948242e-02
3.492925688624382019e-02
-6.622098386287689209e-02
-1.216641366481781006e-01
1.379262953996658325e-01
-3.059007599949836731e-02
4.576945677399635315e-02
6.119707599282264709e-02
1.277384608983993530e-01
-9.782657027244567871e-03
-1.248412877321243286e-01
-1.643633097410202026e-01
-1.223295554518699646e-01
6.325756758451461792e-02
-5.746711418032646179e-02
-1.974213272333145142e-01
7.861104607582092285e-02
7.074011117219924927e-02
7.904114574193954468e-02
-1.806308329105377197e-01
7.416491210460662842e-02
3.344281017780303955e-02
1.778770834207534790e-01
8.474379032850265503e-02
1.530411001294851303e-02
-1.247148215770721436e-01
-2.130156606435775757e-01
-6.870970875024795532e-02
-2.057691477239131927e-02
4.089874774217605591e-02
8.078937977552413940e-02
-1.198081821203231812e-01
-9.693610668182373047e-02
1.351343095302581787e-01
-6.472545862197875977e-02
-4.460523277521133423e-02
-1.177801340818405151e-01
-8.706979453563690186e-02
-1.847870275378227234e-02
-8.286295086145401001e-02
-3.354709595441818237e-02
-5.269826203584671021e-02
-4.468452185392379761e-02
1.451779156923294067e-01
-5.722364038228988647e-02
-7.630190253257751465e-02
1.748475618660449982e-02
-1.004306692630052567e-02
4.351649060845375061e-02
-8.452252484858036041e-03
-3.945705294609069824e-02
8.698082715272903442e-02
-8.744414895772933960e-02
1.546022854745388031e-02
-6.923975888639688492e-03
-6.713987141847610474e-02
-2.334072254598140717e-02
-1.146611496806144714e-01
-2.091104350984096527e-02
2.238267660140991211e-02
1.048025209456682205e-03
-4.416910931468009949e-02
-5.248864740133285522e-02
-3.795255348086357117e-02
5.445800349116325378e-02
4.010249674320220947e-02
1.081402599811553955e-02
-6.123091280460357666e-02
2.525895461440086365e-02
-1.199366338551044464e-02
-2.404576726257801056e-02
-6.505560129880905151e-02
3.333733975887298584e-02
-4.565169289708137512e-02
-1.596131362020969391e-02
-6.038851663470268250e-02
-7.735958695411682129e-02
-7.284942269325256348e-02
7.332678884267807007e-02
9.978257119655609131e-03
-3.639183193445205688e-02
-5.452061444520950317e-02
-1.195927038788795471e-01
6.702072173357009888e-02
-4.816688224673271179e-02
7.356964796781539917e-02
-4.440990090370178223e-02
7.991448044776916504e-02
-3.109548091888427734e-01
1.473202370107173920e-02
-8.798857778310775757e-02
7.321499288082122803e-02
-2.247342169284820557e-01
-7.306686602532863617e-04
1.153360083699226379e-01
-4.742787405848503113e-02
6.290811300277709961e-02
2.925915084779262543e-02
7.576559484004974365e-02
9.821856021881103516e-02
1.090507432818412781e-01
-1.268399208784103394e-01
-1.560123264789581299e-01
7.988008856773376465e-02
8.194914460182189941e-02
7.194055616855621338e-02
-1.251946538686752319e-01
8.054840564727783203e-02
2.906896546483039856e-02
6.176993623375892639e-02
-2.786459960043430328e-02
6.104761734604835510e-02
-1.192035675048828125e-01
3.565238788723945618e-02
3.461783379316329956e-02
1.788906054571270943e-03
3.021988272666931152e-02
-1.920981854200363159e-01
-2.706196606159210205e-01
1.103819999843835831e-02
1.199856307357549667e-02
2.507079578936100006e-02
-8.026363700628280640e-02
-1.279055792838335037e-02
-5.329971760511398315e-02
6.627799011766910553e-03
3.788189962506294250e-03
-6.167706102132797241e-02
6.707705557346343994e-02
-6.213263049721717834e-02
7.562016695737838745e-02
-4.879753291606903076e-02
-1.462614834308624268e-01
-1.288740932941436768e-01
1.120612248778343201e-01
-8.761303126811981201e-02
1.073393300175666809e-01
-4.836308956146240234e-02
-6.573472917079925537e-02
-1.947591751813888550e-01
9.903094917535781860e-02
1.155937835574150085e-01
4.259504750370979309e-02
-1.732024550437927246e-02
-1.589947752654552460e-02
2.327452041208744049e-02
-8.638425171375274658e-02
-7.546512037515640259e-02
2.305638976395130157e-02
7.277300581336021423e-03
5.417944490909576416e-02
-5.181584507226943970e-02
4.889734089374542236e-02
-5.348434671759605408e-02
2.787119522690773010e-02
-3.689435496926307678e-02
-8.033594489097595215e-02
2.962826937437057495e-02
9.135675616562366486e-03
1.300794165581464767e-02
-4.180919006466865540e-02
1.312827318906784058e-02
-7.438811659812927246e-02
4.728326946496963501e-02
-4.493806045502424240e-03
-1.309299655258655548e-02
-4.508823901414871216e-02
-6.266725063323974609e-02
1.676164939999580383e-02
-7.043309509754180908e-02
-3.801194578409194946e-02
-5.844208970665931702e-02
-4.798520356416702271e-02
-9.103145450353622437e-03
-5.767227336764335632e-02
6.506193429231643677e-02
-1.571620404720306396e-01
-7.120809704065322876e-02
9.905818849802017212e-02
-1.016202569007873535e-01
1.323893070220947266e-01
-1.894755661487579346e-01
-1.652120500802993774e-01
6.845376640558242798e-02
-1.807348877191543579e-01
-1.603949517011642456e-01
8.034296915866434574e-04
-6.690570712089538574e-02
-1.231708228588104248e-01
9.633675217628479004e-02
-4.757291451096534729e-02
1.053776443004608154e-01
5.406607687473297119e-02
7.671184092760086060e-02
-8.076348155736923218e-02
-4.431349784135818481e-02
-3.262590244412422180e-02
-6.863049417734146118e-02
9.472715668380260468e-03
2.703430618566926569e-05
-1.590304076671600342e-02
3.228265419602394104e-02
-2.983914688229560852e-02
-6.518479436635971069e-02
-6.309878826141357422e-02
4.304957762360572815e-02
-7.424671202898025513e-02
7.054087519645690918e-02
4.408213123679161072e-02
-2.539903298020362854e-02
-3.168846713379025459e-03
2.737426385283470154e-02
-2.087898924946784973e-02
-1.379694137722253799e-02
3.782748430967330933e-02
3.535186871886253357e-02
1.342611759901046753e-02
-1.080016046762466431e-02
-2.624060586094856262e-02
4.064243659377098083e-02
5.685089528560638428e-02
7.947594672441482544e-02
2.268090844154357910e-03
1.268731206655502319e-01
-5.893713980913162231e-02
-1.514891535043716431e-01
-1.275006085634231567e-01
-4.699757322669029236e-02
-8.649673312902450562e-02
1.872125454246997833e-02
-3.357920423150062561e-02
-4.977803677320480347e-03
-3.759561851620674133e-02
-6.846853345632553101e-02
5.127652734518051147e-02
8.765199035406112671e-02
8.003973960876464844e-02
7.785698026418685913e-02
-9.222044050693511963e-02
8.775322884321212769e-02
1.654503680765628815e-02
-7.343425601720809937e-02
-8.378465473651885986e-02
4.402820765972137451e-02
-2.768581733107566833e-02
7.638216763734817505e-02
3.317566588521003723e-02
-5.096900090575218201e-02
3.980174660682678223e-03
-4.822144657373428345e-02
6.681916862726211548e-02
-6.393927149474620819e-03
1.903381198644638062e-02
-1.878967694938182831e-02
-4.357866942882537842e-02
-6.729451939463615417e-03
-7.783382385969161987e-02
-1.007452756166458130e-01
5.972430482506752014e-02
-7.355601340532302856e-02
-6.260534375905990601e-02
-3.341886401176452637e-02
-9.367061406373977661e-02
-1.011774614453315735e-01
-1.579278707504272461e-01
-1.221246495842933655e-01
-1.353271603584289551e-01
9.095525741577148438e-02
1.061922684311866760e-01
-1.429158151149749756e-01
9.236820042133331299e-02
1.096594631671905518e-01
-2.343203425407409668e-01
-1.528066843748092651e-01
-1.795621812343597412e-01
8.147773146629333496e-02
8.039685338735580444e-02
-1.940305344760417938e-02
-3.961969166994094849e-02
7.634831964969635010e-02
-1.182554289698600769e-02
8.414024114608764648e-02
-1.429192423820495605e-01
-1.259958744049072266e-01
3.824169188737869263e-02
-1.026594713330268860e-01
-3.079077787697315216e-02
7.393498718738555908e-02
5.711498204618692398e-03
6.157038360834121704e-02
-1.581996493041515350e-02
7.841958105564117432e-02
-2.468452006578445435e-01
1.017822250723838806e-01
-1.393999904394149780e-01
7.477068156003952026e-02
5.161745846271514893e-02
6.414014846086502075e-02
-1.076394319534301758e-01
1.125565320253372192e-01
4.329607635736465454e-02
-1.577940583229064941e-01
-4.248203709721565247e-02
3.617133200168609619e-02
-6.246687844395637512e-03
5.160662159323692322e-02
2.612248435616493225e-02
-7.093223929405212402e-02
-1.387674827128648758e-02
-3.992315381765365601e-02
-1.717851497232913971e-02
2.299131453037261963e-02
-1.758366376161575317e-01
1.066328883171081543e-01
-8.703408390283584595e-02
1.692313551902770996e-01
-4.427419230341911316e-02
-3.720725700259208679e-02
-8.561812341213226318e-02
1.024400889873504639e-01
-1.115701794624328613e-01
-1.649018228054046631e-01
5.654621124267578125e-02
2.383826486766338348e-02
-1.617033034563064575e-02
-1.441631019115447998e-01
1.804347336292266846e-02
1.213434245437383652e-02
4.539234563708305359e-02
-1.472391188144683838e-01
2.040120074525475502e-03
-2.000419348478317261e-01
-8.152509108185768127e-03
-1.438849605619907379e-02
9.397315792739391327e-03
1.436472125351428986e-02
-6.183420494198799133e-02
-1.015463192015886307e-02
-2.049210295081138611e-02
2.827840857207775116e-02
3.629558160901069641e-02
1.250310335308313370e-02
-3.670321404933929443e-02
-7.392539829015731812e-02
4.213780537247657776e-02
3.482703864574432373e-02
-1.396996248513460159e-02
2.466996945440769196e-02
-1.057916656136512756e-01
1.396717503666877747e-02
-1.602159999310970306e-02
2.464830176904797554e-03
-3.401879966259002686e-02
-4.212405532598495483e-02
-8.707403391599655151e-02
-4.685835912823677063e-02
-8.783832937479019165e-02
-1.090660989284515381e-01
-5.131519958376884460e-02
3.497026115655899048e-02
-1.044622212648391724e-01
3.052039258182048798e-02
-1.675104796886444092e-01
3.963753581047058105e-02
-1.257072240114212036e-01
2.726205438375473022e-02
7.187660783529281616e-03
9.214971214532852173e-02
-6.475332379341125488e-02
1.029425412416458130e-01
3.914816305041313171e-02
-1.142874434590339661e-01
-1.900915652513504028e-01
9.950461238622665405e-02
-1.448228806257247925e-01
1.100244820117950439e-01
-1.673416234552860260e-02
1.189906299114227295e-01
-2.011361420154571533e-01
3.712869063019752502e-02
6.416483223438262939e-02
6.024327129125595093e-02
-4.620328545570373535e-02
-2.599191851913928986e-02
-7.549425214529037476e-02
8.973712474107742310e-02
-1.118325069546699524e-02
5.959148705005645752e-02
-1.035178005695343018e-01
-2.208876907825469971e-01
5.629440397024154663e-02
8.832917362451553345e-02
-1.079872548580169678e-01
3.007457964122295380e-02
-1.465205252170562744e-01
-4.331784322857856750e-03
-2.214048802852630615e-01
9.188302792608737946e-03
-1.729217320680618286e-01
3.136672824621200562e-02
-1.179390493780374527e-02
4.253058508038520813e-02
-1.738483645021915436e-02
2.008266933262348175e-02
-2.277619019150733948e-02
-5.960828438401222229e-02
-2.421309472993016243e-03
-5.943182110786437988e-02
8.533231168985366821e-02
-8.046843856573104858e-02
-1.245725527405738831e-02
4.625361040234565735e-02
4.457252100110054016e-02
5.846454203128814697e-02
-1.565836071968078613e-01
-9.561032056808471680e-02
9.411633759737014771e-02
3.998172283172607422e-02
1.075347587466239929e-01
-1.758392155170440674e-01
-9.300006926059722900e-02
6.515631824731826782e-02
3.917369619011878967e-02
-2.259438186883926392e-01
-1.605145484209060669e-01
-1.256615221500396729e-01
8.764504641294479370e-02
4.600937664508819580e-02
9.057087451219558716e-02
1.061136722564697266e-01
-2.679044380784034729e-02
-9.434799849987030029e-02
5.409344658255577087e-02
-5.304979532957077026e-02
-1.739504486322402954e-01
1.605477184057235718e-02
-2.784433662891387939e-01
4.921030998229980469e-02
2.903327345848083496e-02
-1.416936516761779785e-01
2.859521657228469849e-02
-1.510841830167919397e-04
6.706081330776214600e-02
-1.498999297618865967e-01
8.898754417896270752e-02
-1.623416393995285034e-01
2.544887922704219818e-02
3.142599761486053467e-02
-3.954722732305526733e-02
7.261396944522857666e-02
-1.231279745697975159e-01
3.876181691884994507e-02
6.940103601664304733e-03
-6.320799584500491619e-04
-3.118632175028324127e-02
5.264609120786190033e-03
-2.010721340775489807e-02
-2.988598309457302094e-02
3.822764009237289429e-02
8.029488474130630493e-02
3.313694149255752563e-02
-3.814381733536720276e-02
2.344689145684242249e-02
-2.774948999285697937e-02
5.552763119339942932e-02
4.382664710283279419e-02
-3.022467494010925293e-01
8.474965393543243408e-02
8.883863687515258789e-02
-2.202137857675552368e-01
1.006466299295425415e-01
-1.223338097333908081e-01
4.448085278272628784e-02
1.068996731191873550e-02
-1.664203405380249023e-02
-3.896556794643402100e-03
-2.757510915398597717e-02
-3.292769193649291992e-02
4.706194996833801270e-02
-4.886983428150415421e-03
2.236421778798103333e-02
3.311441838741302490e-02
4.220086336135864258e-02
3.344012796878814697e-02
-5.721770599484443665e-02
-5.768850911408662796e-03
-4.972507711499929428e-03
6.135776266455650330e-02
-5.986993759870529175e-02
-2.532463893294334412e-02
-2.728343009948730469e-03
-4.815986379981040955e-03
9.630697965621948242e-02
-2.933278679847717285e-02
6.391591578722000122e-02
-1.440448462963104248e-01
6.984699517488479614e-02
-1.413619965314865112e-01
3.682244196534156799e-02
-1.981440000236034393e-02
4.974088072776794434e-02
-4.767410457134246826e-02
-8.280429244041442871e-02
-7.350374758243560791e-02
6.713675707578659058e-02
6.278810650110244751e-02
-1.388612836599349976e-01
4.398346692323684692e-02
7.355672866106033325e-02
4.795930534601211548e-02
-7.411261647939682007e-02
-1.430307328701019287e-01
-1.723497062921524048e-01
7.156145572662353516e-02
-1.694887876510620117e-01
-1.626842916011810303e-01
9.943940490484237671e-02
2.081921696662902832e-02
-2.703297883272171021e-02
-2.706947922706604004e-02
6.850081682205200195e-02
3.272353485226631165e-02
-1.042690277099609375e-01
1.397169083356857300e-01
-7.315855007618665695e-03
-1.191296521574258804e-02
1.597158759832382202e-01
-1.310559809207916260e-01
-8.421581983566284180e-02
-1.897809654474258423e-02
-1.212172210216522217e-01
3.735364601016044617e-02
1.154229640960693359e-01
8.636954426765441895e-02
-1.304923444986343384e-01
-6.901130080223083496e-03
-1.632966101169586182e-01
3.118306770920753479e-02
8.022414147853851318e-02
7.706415653228759766e-02
8.834371715784072876e-02
-2.174951732158660889e-01
-3.830501064658164978e-02
-2.155216224491596222e-02
-7.442110776901245117e-02
4.554063081741333008e-02
-4.737888276576995850e-02
-7.128596305847167969e-02
-4.930276051163673401e-02
2.731366828083992004e-02
-3.644722327589988708e-02
-3.284286940470337868e-03
-2.957004867494106293e-02
1.213033273816108704e-01
6.366876512765884399e-02
9.275660663843154907e-02
-1.065328866243362427e-01
8.976951241493225098e-02
-1.960208564996719360e-01
5.517886579036712646e-02
-1.360993981361389160e-01
3.088050894439220428e-02
-7.028137892484664917e-02
6.312537938356399536e-02
1.098916158080101013e-01
2.009120769798755646e-02
1.216603964567184448e-01
-8.259956538677215576e-02
-1.624281853437423706e-01
-5.505338683724403381e-02
-3.743535280227661133e-02
-1.976126879453659058e-01
-1.212233975529670715e-01
7.538416236639022827e-02
4.942726343870162964e-02
-6.239585950970649719e-02
3.211260959506034851e-02
-1.481518894433975220e-01
-2.118135243654251099e-01
7.130038738250732422e-02
-1.637621223926544189e-01
4.865958541631698608e-02
-9.070049971342086792e-02
1.144703179597854614e-01
1.353606432676315308e-01
-5.099023506045341492e-02
-1.170320585370063782e-01
-6.416832655668258667e-02
1.085325554013252258e-01
5.195685103535652161e-02
-1.657229475677013397e-02
-8.513873070478439331e-02
-5.820806324481964111e-02
-1.383670233190059662e-02
-2.111566485837101936e-03
1.187415141612291336e-02
1.772571355104446411e-02
-6.223514676094055176e-02
-3.882055357098579407e-02
-5.040520802140235901e-02
4.405128955841064453e-02
2.369736507534980774e-02
-6.217464059591293335e-02
-2.187912166118621826e-02
-5.430708453059196472e-02
-6.287040561437606812e-02
-2.810871042311191559e-02
-7.381672412157058716e-02
-1.381351649761199951e-01
1.315644979476928711e-01
-5.705773830413818359e-02
-5.576674267649650574e-02
7.964929193258285522e-02
-1.675106436014175415e-01
7.396750152111053467e-02
2.978710271418094635e-02
-1.347135752439498901e-02
-1.315260678529739380e-01
-1.547088623046875000e-01
-4.332096129655838013e-02
4.894562438130378723e-02
7.302470505237579346e-02
4.322030395269393921e-02
-1.910185217857360840e-01
9.181362576782703400e-03
-1.267622858285903931e-01
-3.090334124863147736e-02
-1.418756097555160522e-01
3.889742540195584297e-03
-5.711680278182029724e-03
2.783312089741230011e-02
5.293082818388938904e-02
-1.050070598721504211e-01
-9.785848855972290039e-02
1.332043707370758057e-01
3.928495198488235474e-02
3.907214850187301636e-02
-1.391024589538574219e-01
-1.144402176141738892e-01
1.291686594486236572e-01
-7.577668875455856323e-02
-1.021763905882835388e-01
5.734038539230823517e-03
9.104578755795955658e-03
-7.004670798778533936e-03
-4.522760398685932159e-03
-5.640083551406860352e-02
4.134089872241020203e-02
-2.946235984563827515e-02
3.714927239343523979e-03
1.530705951154232025e-02
-4.437097813934087753e-03
1.740326732397079468e-02
7.014774717390537262e-03
4.479084908962249756e-02
5.841073021292686462e-02
-1.031718924641609192e-01
-8.247165381908416748e-02
1.940956525504589081e-02
-9.144034236669540405e-02
1.264289673417806625e-02
-2.631114423274993896e-01
1.015170812606811523e-01
-3.296487405896186829e-02
-4.979615285992622375e-02
8.950845897197723389e-02
-2.425936013460159302e-01
5.393812060356140137e-02
-6.309308111667633057e-02
-1.095816567540168762e-01
2.953078411519527435e-02
1.090864837169647217e-01
-2.264649840071797371e-03
6.175816804170608521e-02
-3.267277730628848076e-03
2.113334648311138153e-02
1.202048733830451965e-03
2.829116582870483398e-02
-1.527682598680257797e-02
4.248180240392684937e-02
4.897744953632354736e-02
-7.504903711378574371e-03
1.073166653513908386e-01
-6.706778658553957939e-04
3.782904520630836487e-02
7.751989364624023438e-02
-2.021524757146835327e-01
-4.971764050424098969e-03
-1.058015674352645874e-01
4.147620871663093567e-02
-1.790857128798961639e-02
-1.727179437875747681e-01
-7.391761243343353271e-02
1.288714352995157242e-03
-2.491302415728569031e-02
-9.245534241199493408e-02
-5.821895971894264221e-02
3.345698118209838867e-02
-5.570099130272865295e-02
3.359613195061683655e-02
1.818742416799068451e-02
5.309962853789329529e-02
-8.028751611709594727e-02
1.638373546302318573e-02
2.616785280406475067e-02
1.891700923442840576e-02
7.674113661050796509e-02
-1.743813902139663696e-01
-2.659351564943790436e-02
-6.515042483806610107e-02
-1.683731377124786377e-01
1.096918731927871704e-01
6.108799204230308533e-02
2.612690255045890808e-02
4.713641107082366943e-02
-4.887133836746215820e-03
-1.742921397089958191e-02
-1.420454680919647217e-01
3.990902565419673920e-03
-1.684703081846237183e-01
4.897205624729394913e-03
-2.567466348409652710e-02
1.060072914697229862e-03
-1.364658325910568237e-01
8.461948484182357788e-02
1.715140044689178467e-02
-1.624220609664916992e-01
-1.266975700855255127e-01
-1.507489085197448730e-01
6.085488200187683105e-02
5.932554602622985840e-02
7.840383797883987427e-02
-8.546598255634307861e-02
-7.156000286340713501e-02
4.397840239107608795e-03
-8.541279286146163940e-02
1.806335523724555969e-02
-1.036696359515190125e-01
-1.776798069477081299e-01
4.934671893715858459e-02
-1.950615942478179932e-01
-1.693194806575775146e-01
-1.785379648208618164e-01
1.150233298540115356e-01
9.172800928354263306e-02
-1.123352572321891785e-01
-3.123984299600124359e-02
7.871589064598083496e-02
3.137093409895896912e-02
9.074598550796508789e-02
-1.035054624080657959e-01
-1.345649659633636475e-01
7.821787148714065552e-02
1.201708316802978516e-01
9.521293640136718750e-02
1.203303262591362000e-01
-1.558728665113449097e-01
-1.182802766561508179e-01
-2.212631981819868088e-03
1.313716322183609009e-01
-4.999824985861778259e-02
-1.424880027770996094e-01
3.674455359578132629e-02
-4.380194470286369324e-02
3.073414554819464684e-03
6.073280423879623413e-02
-1.391114443540573120e-01
4.141061753034591675e-02
-3.276006132364273071e-02
-6.193486228585243225e-02
-6.632148288190364838e-03
6.144067645072937012e-02
9.655776433646678925e-03
6.837097555398941040e-02
-1.297810822725296021e-01
-1.273366212844848633e-01
7.372031360864639282e-02
-5.448596552014350891e-02
-2.213833779096603394e-01
6.080629304051399231e-02
3.992633149027824402e-02
3.830533474683761597e-02
-7.302632927894592285e-02
-4.994043707847595215e-02
1.343706529587507248e-02
4.988092929124832153e-02
8.117589354515075684e-02
-1.468811780214309692e-01
-1.272919774055480957e-01
9.338821470737457275e-02
-9.816055186092853546e-03
9.510513395071029663e-02
6.174047291278839111e-02
-1.303874105215072632e-01
-7.242698688060045242e-03
3.510415554046630859e-03
5.598815158009529114e-03
5.470151081681251526e-02
6.157865747809410095e-02
-5.204507708549499512e-02
9.590865112841129303e-03
-2.234854251146316528e-01
-9.528753161430358887e-02
-1.728382557630538940e-01
-2.017606943845748901e-01
-7.564035058021545410e-02
6.107980385422706604e-02
5.499488487839698792e-02
-4.428201541304588318e-02
9.203508496284484863e-02
-6.753937900066375732e-02
6.713666021823883057e-02
8.117630332708358765e-02
-8.770825713872909546e-02
-6.778656691312789917e-02
6.985343992710113525e-02
1.901297643780708313e-02
1.635281927883625031e-02
-6.536401063203811646e-02
6.877003610134124756e-02
1.096736639738082886e-02
-4.107222706079483032e-02
-4.563355818390846252e-02
3.761745989322662354e-02
-2.425797656178474426e-02
6.117173656821250916e-02
-4.414448887109756470e-02
-1.107532382011413574e-01
-2.442383766174316406e-01
7.800124585628509521e-02
1.032302826642990112e-01
8.665184676647186279e-02
-6.297817081212997437e-02
-2.416695840656757355e-02
-2.238298393785953522e-02
-2.769546210765838623e-02
8.185641840100288391e-03
2.475558780133724213e-02
4.163556732237339020e-03
-2.107588574290275574e-02
-4.940872639417648315e-02
-3.994018584489822388e-02
1.738187111914157867e-02
-2.474788110703229904e-03
-2.084306441247463226e-02
8.789204061031341553e-02
4.758279398083686829e-02
-3.857467696070671082e-02
5.399738904088735580e-03
1.626285538077354431e-02
-2.530928887426853180e-02
6.836670637130737305e-02
-2.432563900947570801e-02
1.556331012398004532e-02
4.232661426067352295e-02
4.790770635008811951e-02
-1.124524399638175964e-01
-3.298182040452957153e-02
1.965445838868618011e-02
4.125106334686279297e-02
-4.817895218729972839e-02
-3.611158207058906555e-02
1.067056208848953247e-01
-1.337805837392807007e-01
9.564941376447677612e-02
4.340693727135658264e-02
-5.721037462353706360e-02
-1.170208156108856201e-01
5.269066244363784790e-02
-1.733715534210205078e-01
6.647305935621261597e-02
6.467804312705993652e-02
1.141542121767997742e-01
7.813462615013122559e-02
1.031134203076362610e-01
-4.959548637270927429e-02
4.182241484522819519e-02
-1.639621704816818237e-02
1.225181519985198975e-01
-1.407275944948196411e-01
-1.232561990618705750e-01
6.982842925935983658e-03
8.826137334108352661e-02
-1.934043318033218384e-01
-5.768833681941032410e-02
7.866710424423217773e-02
6.408043950796127319e-02
8.147212117910385132e-02
1.754675526171922684e-03
-1.656209528446197510e-01
5.207849293947219849e-02
8.369034528732299805e-02
3.742974251508712769e-02
-1.432697940617799759e-02
-3.303064033389091492e-02
1.032722275704145432e-02
-6.034855544567108154e-02
-1.134161464869976044e-02
-7.529529184103012085e-02
-2.575805643573403358e-03
-7.157086580991744995e-02
-1.690773479640483856e-02
1.657066494226455688e-01
9.527914226055145264e-02
1.134241521358489990e-01
-7.904753088951110840e-02
-1.016570478677749634e-01
-5.178221315145492554e-02
-1.048773974180221558e-01
6.828478723764419556e-02
-1.781812459230422974e-01
-1.002686545252799988e-01
-9.795162826776504517e-02
-2.058296836912631989e-02
-2.370044589042663574e-03
-1.874530129134654999e-02
-1.396819204092025757e-02
-7.502242177724838257e-02
-1.101228524930775166e-03
-1.231599226593971252e-02
1.528297457844018936e-02
-1.800118200480937958e-02
8.850941061973571777e-02
9.203185141086578369e-02
7.153702899813652039e-03
7.198218256235122681e-02
-1.126389298588037491e-02
7.660451345145702362e-03
-1.202008500695228577e-02
4.386387392878532410e-02
-6.721001118421554565e-02
6.827218830585479736e-02
