4.098991863429546356e-03
-5.362574756145477295e-02
-1.042837370187044144e-02
1.407074462622404099e-02
2.248252555727958679e-02
-1.750082522630691528e-02
2.387021109461784363e-02
3.345121443271636963e-02
1.260858029127120972e-02
1.405252795666456223e-02
-9.758684784173965454e-03
1.382125355303287506e-02
5.117383226752281189e-02
-4.219069611281156540e-03
5.128997564315795898e-02
2.926521701738238335e-03
-1.591967768035829067e-03
2.729476988315582275e-02
2.161247655749320984e-02
1.633469015359878540e-02
3.848960623145103455e-02
3.553453087806701660e-02
6.683235615491867065e-02
2.746331691741943359e-02
-4.241603612899780273e-02
-6.809182930737733841e-03
-1.930319331586360931e-02
-4.573285579681396484e-03
-1.535035762935876846e-02
-7.186437398195266724e-02
-1.043339725583791733e-02
-3.173764795064926147e-03
-3.121164254844188690e-02
4.122182726860046387e-03
3.318154066801071167e-02
-1.519715692847967148e-02
