5.780939012765884399e-02
7.778646051883697510e-02
3.965511545538902283e-02
2.599258348345756531e-02
7.862555980682373047e-02
4.468780383467674255e-02
4.629829153418540955e-02
2.272138744592666626e-02
2.724821679294109344e-02
4.060646891593933105e-02
4.399505257606506348e-02
4.671505466103553772e-02
1.980707608163356781e-02
4.243822395801544189e-02
7.486047595739364624e-02
6.445452570915222168e-02
4.208726808428764343e-02
2.517243474721908569e-02
7.411207258701324463e-02
7.839342951774597168e-02
8.105808496475219727e-02
4.426770657300949097e-02
6.018059700727462769e-02
6.443062424659729004e-02
3.641968965530395508e-02
3.900722041726112366e-02
4.059290885925292969e-02
4.668070748448371887e-02
3.092641010880470276e-02
2.990589104592800140e-02
9.582944214344024658e-02
1.491391099989414215e-02
1.547005679458379745e-02
2.843271754682064056e-02
9.009444713592529297e-02
5.892597883939743042e-02
7.995405048131942749e-02
1.023324802517890930e-01
8.975484408438205719e-03
9.827568195760250092e-03
2.655015140771865845e-02
2.358410274609923363e-03
4.052257165312767029e-02
5.460790172219276428e-02
6.122823804616928101e-02
4.625471681356430054e-02
7.440001517534255981e-02
4.376925155520439148e-02
8.017428219318389893e-02
4.393604025244712830e-02
4.348812624812126160e-02
1.626258529722690582e-02
9.291842579841613770e-02
6.916292756795883179e-02
1.761795952916145325e-02
4.138726368546485901e-02
3.245984762907028198e-02
3.388386219739913940e-02
4.438579827547073364e-02
4.397212341427803040e-02
4.885898903012275696e-03
6.553552299737930298e-02
2.540145069360733032e-02
3.822663798928260803e-02
2.322782762348651886e-02
-7.656485773622989655e-03
3.593430295586585999e-02
7.809396088123321533e-02
4.353458434343338013e-02
1.124966982752084732e-02
2.951247990131378174e-02
3.845914453268051147e-02
4.472815617918968201e-02
6.914022564888000488e-02
4.855508729815483093e-02
4.142052307724952698e-02
5.474907532334327698e-02
5.231886729598045349e-02
8.173467963933944702e-02
3.283969312906265259e-02
4.308279231190681458e-02
5.953626707196235657e-02
4.221444949507713318e-02
1.621744409203529358e-02
8.332020044326782227e-02
4.617509245872497559e-02
8.325018733739852905e-02
7.678198814392089844e-02
6.194700673222541809e-02
3.644963726401329041e-02
5.525130406022071838e-02
4.957519844174385071e-02
5.565286055207252502e-02
6.648617982864379883e-02
3.171289712190628052e-02
2.024096809327602386e-02
7.121714949607849121e-02
7.160616666078567505e-02
2.410720102488994598e-02
3.649181872606277466e-02
8.065021783113479614e-02
7.545652985572814941e-02
4.344547539949417114e-02
4.033912345767021179e-02
-9.750028140842914581e-03
4.727999493479728699e-02
5.773819610476493835e-02
5.538794398307800293e-02
1.919313706457614899e-02
3.135632723569869995e-02
3.858644515275955200e-02
1.714595966041088104e-02
6.220167130231857300e-02
3.706061094999313354e-02
6.693927943706512451e-02
5.553062260150909424e-02
3.396609425544738770e-02
7.374345511198043823e-02
4.188493266701698303e-02
4.189716652035713196e-02
-6.319794338196516037e-03
6.592918932437896729e-02
6.357868015766143799e-02
7.599123567342758179e-02
4.386362805962562561e-02
4.869152233004570007e-02
4.065405577421188354e-02
4.455493390560150146e-02
