2.358898669481277466e-01
5.913603305816650391e-02
-3.374647498130798340e-01
-4.538883268833160400e-01
-2.472367733716964722e-01
4.141655191779136658e-02
-6.287650465965270996e-01
-3.828377425670623779e-01
-1.113592609763145447e-01
-1.450200378894805908e-02
-3.351444005966186523e-01
-4.428075253963470459e-01
5.519763007760047913e-02
2.091191112995147705e-01
1.393626034259796143e-01
-6.056370139122009277e-01
-1.046163961291313171e-03
2.179888933897018433e-01
1.419637501239776611e-01
1.152104511857032776e-01
-3.648004531860351562e-01
1.605063527822494507e-01
1.253566741943359375e-01
1.227400153875350952e-01
7.558353245258331299e-02
3.504829853773117065e-02
-4.437013342976570129e-02
1.508651375770568848e-01
1.311597377061843872e-01
-2.309765666723251343e-02
9.628206025809049606e-04
-3.948128223419189453e-02
1.335089802742004395e-01
8.805841207504272461e-02
-5.069833621382713318e-02
-3.948048502206802368e-02
-3.078806959092617035e-02
-3.724206238985061646e-02
-4.268458858132362366e-02
8.832247555255889893e-02
6.305239349603652954e-02
6.393416225910186768e-02
-5.355788767337799072e-02
9.103675186634063721e-02
4.248846322298049927e-02
-5.782954767346382141e-02
-4.971593618392944336e-02
8.227171748876571655e-02
-5.654624477028846741e-02
2.976085245609283447e-02
-2.669332325458526611e-01
-3.315659165382385254e-01
-1.985209584236145020e-01
-1.402717679738998413e-01
-7.426001876592636108e-02
-2.626576721668243408e-01
-3.108433485031127930e-01
-2.705838680267333984e-01
-1.822423040866851807e-01
-1.162834689021110535e-01
8.364497125148773193e-02
-2.649542503058910370e-02
-1.496482361108064651e-02
6.471193581819534302e-02
5.745966732501983643e-02
2.686930000782012939e-01
2.291706651449203491e-01
2.503679692745208740e-01
1.537632942199707031e-01
7.625009119510650635e-02
2.202589809894561768e-01
2.483821064233779907e-01
1.655168533325195312e-01
1.051858440041542053e-01
5.186278000473976135e-02
-7.510420400649309158e-03
9.700861573219299316e-02
-4.230784997344017029e-02
-1.506891250610351562e-01
-3.287616670131683350e-01
1.160344481468200684e-01
9.079967439174652100e-02
-1.828870736062526703e-02
-2.435837090015411377e-01
-2.335522919893264771e-01
-7.836957462131977081e-03
7.994791865348815918e-02
5.734931677579879761e-02
9.369742125272750854e-02
1.389306187629699707e-01
-7.394196093082427979e-02
9.441409260034561157e-02
1.380504965782165527e-01
2.295899689197540283e-01
6.033336743712425232e-02
-1.181482709944248199e-02
-2.506251446902751923e-02
9.557390213012695312e-02
1.286241225898265839e-02
3.058915585279464722e-02
1.782009452581405640e-01
3.019461631774902344e-01
2.406028658151626587e-01
1.484929323196411133e-01
1.232331246137619019e-01
2.173417061567306519e-01
1.419100314378738403e-01
6.271970272064208984e-02
1.065294444561004639e-01
-5.564180016517639160e-02
2.837263606488704681e-02
-8.990308642387390137e-02
-6.180969253182411194e-02
-6.210800632834434509e-02
-7.613322138786315918e-02
-1.429047137498855591e-01
-1.974598169326782227e-01
-2.510157823562622070e-01
-2.478362023830413818e-01
-1.145085245370864868e-01
-1.294461488723754883e-01
-2.510645389556884766e-01
-1.218557655811309814e-01
-1.224267389625310898e-02
4.164084419608116150e-02
-2.239906340837478638e-01
-2.346772700548171997e-01
1.045569032430648804e-02
8.898742496967315674e-02
1.185119077563285828e-01
-2.597763538360595703e-01
-9.775609523057937622e-02
6.478252261877059937e-02
2.102607041597366333e-01
1.618028879165649414e-01
-1.320346444845199585e-01
-4.391766712069511414e-02
1.369440257549285889e-01
1.946763694286346436e-01
2.550764381885528564e-02
-1.387925595045089722e-01
2.127337269484996796e-02
9.851213544607162476e-02
1.661311239004135132e-01
6.992194801568984985e-02
-8.944956958293914795e-02
3.296661749482154846e-02
1.561626978218555450e-02
1.569645255804061890e-01
6.454287469387054443e-02
-1.464643236249685287e-02
-1.784990578889846802e-01
-2.884769141674041748e-01
-2.274532169103622437e-01
-1.022805944085121155e-01
1.002149954438209534e-01
8.898018300533294678e-02
1.212425902485847473e-01
-4.384656436741352081e-03
4.782528057694435120e-02
2.016745805740356445e-01
2.890968322753906250e-01
1.631227880716323853e-01
1.889300197362899780e-01
1.118017360568046570e-01
-1.260618716478347778e-01
3.990450128912925720e-02
8.228505402803421021e-02
1.361921150237321854e-02
-2.666695415973663330e-02
-2.862505316734313965e-01
-2.561396062374114990e-01
-1.597180366516113281e-01
5.638522654771804810e-02
9.584729373455047607e-02
-5.474324524402618408e-02
-5.058706924319267273e-02
2.464963868260383606e-02
-1.429505087435245514e-02
-1.747610792517662048e-02
3.307568281888961792e-02
4.217130318284034729e-02
2.094654887914657593e-01
1.485589444637298584e-01
3.843589127063751221e-02
1.440456956624984741e-01
1.149640828371047974e-01
8.027413487434387207e-02
2.669728398323059082e-01
2.045622915029525757e-01
-1.989223435521125793e-02
-1.214009597897529602e-01
-2.020007669925689697e-01
-3.365278244018554688e-02
1.613714694976806641e-01
-1.395338773727416992e-01
-3.262016475200653076e-01
-3.829848766326904297e-01
-1.917964667081832886e-01
-1.412373501807451248e-02
-2.625170648097991943e-01
-2.458742409944534302e-01
-6.255161762237548828e-02
5.931074544787406921e-02
1.376597434282302856e-01
-3.371002376079559326e-01
-8.410166949033737183e-02
3.552238643169403076e-02
1.060423776507377625e-01
1.860230118036270142e-01
-1.742317080497741699e-01
-5.535572394728660583e-02
1.372918039560317993e-01
1.550370007753372192e-01
6.891421228647232056e-02
-4.468174651265144348e-02
8.276574313640594482e-02
1.111886501312255859e-01
1.730504035949707031e-01
1.061826720833778381e-01
1.108532696962356567e-01
5.212220177054405212e-02
9.351120889186859131e-02
1.234567351639270782e-02
7.733200490474700928e-02
-7.955744117498397827e-02
-7.752358913421630859e-02
1.541972905397415161e-01
1.814761012792587280e-01
1.531915962696075439e-01
1.671779602766036987e-01
2.752087414264678955e-01
2.287193536758422852e-01
1.781467944383621216e-01
1.722844839096069336e-01
2.079643011093139648e-01
1.400526762008666992e-01
-3.635329008102416992e-02
-5.681194365024566650e-03
9.653067588806152344e-02
-9.430664032697677612e-02
-1.963479816913604736e-01
-1.196033582091331482e-01
-1.757114976644515991e-01
3.270401433110237122e-02
-3.027381300926208496e-01
-2.777693867683410645e-01
-2.270799428224563599e-01
-1.686446666717529297e-01
-1.009888648986816406e-01
1.367309093475341797e-01
2.551518082618713379e-01
1.829959154129028320e-01
3.736245259642601013e-02
5.583357997238636017e-03
1.257233172655105591e-01
1.906972229480743408e-01
1.008996143937110901e-01
-1.475085783749818802e-02
-2.396436184644699097e-01
1.036322787404060364e-01
1.907329857349395752e-01
9.689241647720336914e-03
-2.543686032295227051e-01
-2.431205958127975464e-01
1.179080605506896973e-01
3.483690321445465088e-02
-3.131347522139549255e-02
-2.991700470447540283e-01
-2.779954075813293457e-01
1.021113917231559753e-01
4.900637269020080566e-02
-1.657985448837280273e-01
-3.384261429309844971e-01
-1.466775387525558472e-01
1.079399436712265015e-01
2.057318836450576782e-01
2.487519383430480957e-01
1.386032700538635254e-01
2.244563251733779907e-01
2.151402235031127930e-01
2.027796208858489990e-01
1.980820447206497192e-01
2.500247955322265625e-01
5.769406631588935852e-02
-8.818282186985015869e-02
-5.828335136175155640e-02
-2.110887132585048676e-02
-1.530781686305999756e-01
-1.315786689519882202e-01
-2.338115423917770386e-01
-2.687418162822723389e-01
-3.147799372673034668e-01
-2.795237302780151367e-01
-9.578990936279296875e-02
-1.544974893331527710e-01
-2.240241020917892456e-01
-1.430980563163757324e-01
-4.858909174799919128e-03
3.799645975232124329e-02
8.667730540037155151e-02
4.576227813959121704e-02
4.391534626483917236e-02
-2.276474088430404663e-01
-2.360627949237823486e-01
9.681868553161621094e-02
1.976585686206817627e-01
1.320160925388336182e-01
-9.059023857116699219e-02
-3.036024272441864014e-01
-1.450923085212707520e-01
1.073968932032585144e-01
2.993462085723876953e-01
6.767465174198150635e-02
-1.087613925337791443e-01
-2.293843477964401245e-01
3.710348159074783325e-02
2.158192545175552368e-01
2.387888729572296143e-01
7.063702493906021118e-02
-3.462221622467041016e-01
-2.503360211849212646e-01
6.153804436326026917e-02
5.305923148989677429e-02
1.372541785240173340e-01
-2.176005989313125610e-01
3.740606456995010376e-02
1.041034702211618423e-02
7.477381825447082520e-02
7.251080125570297241e-02
-1.279958784580230713e-01
3.058783151209354401e-02
1.354118585586547852e-01
1.070373579859733582e-01
5.749493837356567383e-02
-1.935008540749549866e-02
3.067493624985218048e-02
1.075948476791381836e-01
2.987389452755451202e-02
-1.160162240266799927e-01
4.164039716124534607e-02
9.995698928833007812e-02
7.154349237680435181e-02
-1.353163179010152817e-02
-4.419648647308349609e-02
-1.424637902528047562e-02
1.041624788194894791e-02
-1.729775778949260712e-02
1.087288856506347656e-01
-9.391835890710353851e-03
7.170864194631576538e-02
7.226420193910598755e-02
-3.679634630680084229e-02
-1.254573613405227661e-01
-3.201157748699188232e-01
9.806028008460998535e-02
9.596871584653854370e-02
-2.326939254999160767e-02
-1.204750537872314453e-01
-2.059023827314376831e-01
9.267556667327880859e-02
1.286639422178268433e-01
1.045860722661018372e-01
-1.077408529818058014e-02
1.987428590655326843e-02
-2.117190975695848465e-03
1.426260024309158325e-01
1.186204329133033752e-01
9.155370295047760010e-02
-3.284804522991180420e-02
-1.837106607854366302e-02
2.868170477449893951e-02
-5.960964038968086243e-02
1.032916530966758728e-01
1.335254758596420288e-01
2.069603204727172852e-01
3.047713637351989746e-01
2.127434462308883667e-01
-6.080738455057144165e-02
-1.606988757848739624e-01
2.988718152046203613e-01
1.828138232231140137e-01
-1.605368107557296753e-01
-3.275523483753204346e-01
-1.531757116317749023e-01
2.731483876705169678e-01
4.210131615400314331e-02
-2.503445148468017578e-01
-4.686721265316009521e-01
-5.731489136815071106e-02
1.726593822240829468e-01
-1.340379863977432251e-01
-4.076476693153381348e-01
-3.603319823741912842e-01
7.505401223897933960e-02
2.638804353773593903e-02
-9.646224975585937500e-02
-2.444637566804885864e-01
-4.129173234105110168e-02
1.598916798830032349e-01
