-1.430172473192214966e-01
8.009676635265350342e-02
5.130446329712867737e-02
-1.271128058433532715e-01
-8.250610530376434326e-02
-9.491319954395294189e-02
1.552886068820953369e-01
-7.844125479459762573e-02
-1.260956227779388428e-01
-6.611503660678863525e-02
-3.587065264582633972e-02
6.561526656150817871e-02
-1.792119443416595459e-01
-1.307269632816314697e-01
-9.260578081011772156e-03
9.175667166709899902e-02
9.923087805509567261e-02
-1.831645816564559937e-01
5.201113224029541016e-02
2.464967779815196991e-02
-1.360784471035003662e-01
-1.285160779953002930e-01
-9.872793219983577728e-03
1.580208539962768555e-02
2.831680141389369965e-02
-1.834279298782348633e-02
-2.592942118644714355e-01
2.173889614641666412e-02
3.327913582324981689e-02
4.753004387021064758e-02
-1.982541382312774658e-01
-6.182071194052696228e-02
-5.618061497807502747e-02
6.387989223003387451e-02
7.499143481254577637e-02
6.186648458242416382e-02
7.882540673017501831e-02
-1.059236153960227966e-01
-3.223548084497451782e-02
6.991109251976013184e-02
-9.872233867645263672e-02
-1.991254389286041260e-01
6.241235509514808655e-02
-1.532561928033828735e-01
9.114656597375869751e-02
-1.296172142028808594e-01
-2.066357880830764771e-01
7.320196181535720825e-02
1.103465631604194641e-01
4.538899287581443787e-02
-9.488061070442199707e-03
5.273878574371337891e-02
-1.900273747742176056e-02
2.274818718433380127e-02
-2.154199220240116119e-02
-8.369759470224380493e-02
-9.062557667493820190e-02
-6.295227259397506714e-02
6.882115732878446579e-03
-3.074203059077262878e-02
-5.374284833669662476e-02
8.847354352474212646e-02
1.178166568279266357e-01
-7.242949306964874268e-02
1.284195333719253540e-01
1.048341393470764160e-02
1.108895912766456604e-01
-1.778752058744430542e-01
-5.813086405396461487e-02
-2.340714037418365479e-01
8.303145319223403931e-02
3.487187786959111691e-04
2.597923390567302704e-02
4.640234634280204773e-02
1.012814119458198547e-01
1.663030683994293213e-02
1.573062129318714142e-02
1.420157309621572495e-02
7.687903940677642822e-02
1.028795447200536728e-02
-2.518737018108367920e-01
-2.454987168312072754e-01
-1.408504843711853027e-01
9.866525977849960327e-02
-2.473252266645431519e-01
9.652279317378997803e-02
5.372251197695732117e-02
-1.406877040863037109e-01
4.120132699608802795e-02
-5.759239569306373596e-02
3.942957520484924316e-02
-6.104331463575363159e-02
-7.896858453750610352e-02
-3.954286500811576843e-02
-9.101960808038711548e-03
6.603194028139114380e-02
9.340026229619979858e-02
-1.100175082683563232e-02
-1.543369423598051071e-02
3.601956414058804512e-03
3.419939428567886353e-02
3.947645798325538635e-02
-7.840199023485183716e-02
-5.165776237845420837e-02
3.325472399592399597e-02
-1.351720094680786133e-02
-1.387816760689020157e-02
3.493416681885719299e-02
-3.342843428254127502e-02
-3.165487945079803467e-02
5.126006901264190674e-02
-2.123443931341171265e-01
-1.022398248314857483e-01
9.228684008121490479e-02
7.350090146064758301e-02
-2.875223197042942047e-02
-3.358468040823936462e-02
4.365785513073205948e-03
-8.664833009243011475e-02
5.826865509152412415e-02
-8.010013401508331299e-02
-4.736499488353729248e-02
-2.458465751260519028e-03
-6.408059503883123398e-03
-1.844842452555894852e-03
-1.723456382751464844e-02
3.940775245428085327e-02
-5.409488454461097717e-02
-3.925459831953048706e-02
-2.059430629014968872e-02
6.572151184082031250e-02
-6.689466536045074463e-02
2.781911520287394524e-03
4.897783976048231125e-03
4.358522593975067139e-03
1.544799096882343292e-02
9.514162316918373108e-03
7.914301007986068726e-02
-4.543182998895645142e-02
1.579596661031246185e-02
-3.825033456087112427e-02
-1.403749883174896240e-01
7.984846830368041992e-02
1.163680925965309143e-01
-2.364574223756790161e-01
-4.022578895092010498e-02
2.860892191529273987e-02
-1.759357750415802002e-01
8.361717313528060913e-02
-1.180509552359580994e-01
-8.885716646909713745e-02
-1.330082118511199951e-01
-1.702702790498733521e-01
-1.435752511024475098e-01
6.667928397655487061e-02
8.456466346979141235e-02
1.063703149557113647e-01
1.732377521693706512e-02
1.010209619998931885e-01
6.376384943723678589e-02
7.985440641641616821e-02
6.016083434224128723e-02
-3.729515895247459412e-02
6.223526224493980408e-02
-3.187812119722366333e-02
-6.762387603521347046e-02
-2.833279967308044434e-02
-1.495206449180841446e-02
3.322669863700866699e-02
-1.272368524223566055e-02
-6.807988137006759644e-02
-6.589641422033309937e-02
-3.649134561419487000e-02
-9.686816483736038208e-03
-7.034827768802642822e-02
-6.429780740290880203e-03
2.618469111621379852e-02
-4.784860182553529739e-03
-4.727628827095031738e-02
-2.559104189276695251e-02
-1.961639821529388428e-01
1.823856728151440620e-03
9.779560565948486328e-02
8.540736138820648193e-02
-1.482546478509902954e-01
1.063951179385185242e-01
-9.207154810428619385e-02
-1.702034026384353638e-01
1.230137124657630920e-01
-4.656704142689704895e-02
-5.129236727952957153e-02
5.554751679301261902e-02
-3.677674755454063416e-02
-4.469032213091850281e-02
5.170338973402976990e-02
-1.261445283889770508e-01
9.662148356437683105e-02
8.239334821701049805e-02
1.211811676621437073e-01
-1.259620338678359985e-01
1.133282259106636047e-01
-7.928383350372314453e-02
-1.733105331659317017e-01
-2.288597822189331055e-02
9.827727079391479492e-02
-1.292859613895416260e-01
7.518431544303894043e-02
-1.316359192132949829e-01
-2.053954154253005981e-01
1.009441539645195007e-01
7.272993028163909912e-02
-5.756928026676177979e-02
2.888107858598232269e-02
2.738356217741966248e-02
3.943767771124839783e-02
-2.528064697980880737e-02
9.118331223726272583e-02
5.333518236875534058e-02
7.771756500005722046e-02
4.948196187615394592e-02
-1.165472939610481262e-01
7.633917033672332764e-02
-1.331608742475509644e-01
-2.181544005870819092e-01
1.125212460756301880e-01
-8.785898983478546143e-02
3.925166651606559753e-02
-6.604711711406707764e-02
-1.372178941965103149e-01
9.517412632703781128e-02
8.514665067195892334e-02
-1.230817288160324097e-01
1.811817660927772522e-02
-4.608765710145235062e-03
-2.782189846038818359e-01
5.918453261256217957e-02
-2.616580389440059662e-02
3.915928304195404053e-02
-5.987574160099029541e-02
-1.134145352989435196e-02
-1.669213920831680298e-02
1.118028443306684494e-02
-3.079458884894847870e-02
3.316751867532730103e-02
-2.582120709121227264e-02
6.618324667215347290e-02
-7.424211595207452774e-03
1.515642926096916199e-02
1.716679148375988007e-02
-4.828653298318386078e-03
-5.203960835933685303e-02
3.459921106696128845e-02
-7.990819960832595825e-02
3.784509375691413879e-02
-1.836613938212394714e-02
4.604167118668556213e-02
2.324787899851799011e-02
7.250282168388366699e-02
-3.934076055884361267e-02
-7.107767462730407715e-02
5.052181705832481384e-02
-4.761876538395881653e-02
-1.920638605952262878e-02
6.289318203926086426e-02
-5.574686918407678604e-03
1.101533509790897369e-02
-7.696378976106643677e-02
1.430174428969621658e-02
-5.468316748738288879e-02
3.334502689540386200e-03
1.338630914688110352e-01
-1.166972592473030090e-01
-1.484256684780120850e-01
2.799353934824466705e-02
-7.930707186460494995e-02
-6.083789840340614319e-02
1.062347739934921265e-01
1.454710662364959717e-01
-1.894597150385379791e-02
-9.594164788722991943e-02
-1.488775312900543213e-01
1.766983866691589355e-01
-1.592126861214637756e-02
-1.123838573694229126e-01
-9.992109984159469604e-02
1.032228954136371613e-02
-3.984357044100761414e-02
-5.943733081221580505e-02
-1.464611291885375977e-01
-1.236076839268207550e-02
6.394158303737640381e-02
-1.043681353330612183e-01
7.906518876552581787e-03
-9.528868645429611206e-02
4.223241284489631653e-02
6.720436364412307739e-02
-1.266106218099594116e-01
-2.286792546510696411e-02
7.196580618619918823e-02
-8.024740964174270630e-02
-1.275981515645980835e-01
8.962361514568328857e-02
-1.443372815847396851e-01
-1.562275737524032593e-01
1.156523600220680237e-01
-2.564199566841125488e-01
-1.567932218313217163e-01
-2.766241505742073059e-02
2.485964819788932800e-02
9.822356700897216797e-02
-1.436580496374517679e-04
-1.036549061536788940e-01
8.625678718090057373e-02
-8.011300861835479736e-02
-1.281727999448776245e-01
-8.502610027790069580e-02
-8.152575790882110596e-02
1.383957546204328537e-02
-4.940538853406906128e-02
-3.523631393909454346e-02
-2.011034637689590454e-02
-4.450888559222221375e-02
-5.318712070584297180e-02
1.816726289689540863e-02
-3.884573653340339661e-02
2.555075101554393768e-02
-5.500676110386848450e-02
-1.415503676980733871e-02
-6.585913244634866714e-03
-2.217849344015121460e-02
1.255727559328079224e-01
-1.078217029571533203e-01
-5.007599294185638428e-02
-1.220893934369087219e-01
4.513480514287948608e-02
1.266114413738250732e-01
8.560805581510066986e-03
1.546180993318557739e-01
-1.402787268161773682e-01
-2.206899411976337433e-02
-7.248189765959978104e-03
8.010210096836090088e-02
8.484277874231338501e-02
7.850015908479690552e-02
-1.124495044350624084e-01
-1.746276170015335083e-01
-1.999701708555221558e-01
7.869609445333480835e-02
7.069761306047439575e-02
3.135294839739799500e-02
-7.433214038610458374e-02
-1.099151670932769775e-01
1.268574744462966919e-01
-1.547117996960878372e-02
6.474222242832183838e-02
4.198297485709190369e-02
1.429025530815124512e-01
-2.904524735640734434e-04
-1.398554742336273193e-01
-1.954392641782760620e-01
-1.271798312664031982e-01
7.498507201671600342e-02
-7.836289703845977783e-02
-1.961805522441864014e-01
8.345424383878707886e-02
6.593629717826843262e-02
8.221570402383804321e-02
-1.778598129749298096e-01
7.444595545530319214e-02
2.859230153262615204e-02
1.804324984550476074e-01
1.040797159075737000e-01
8.820349350571632385e-03
-1.288056969642639160e-01
-2.087219357490539551e-01
-7.933725416660308838e-02
-1.605883799493312836e-02
2.617415413260459900e-02
7.925239950418472290e-02
-1.137327477335929871e-01
-9.699764102697372437e-02
1.365264654159545898e-01
-6.732628494501113892e-02
-4.571063071489334106e-02
-1.209572181105613708e-01
-8.780541270971298218e-02
-1.947358809411525726e-02
-6.493624299764633179e-02
-4.432399943470954895e-02
-5.226035788655281067e-02
-4.488294944167137146e-02
1.580148339271545410e-01
-7.047232985496520996e-02
-5.421058461070060730e-02
1.131494343280792236e-02
-1.833577826619148254e-02
5.188787728548049927e-02
-1.489891484379768372e-02
-6.291359663009643555e-02
9.076637029647827148e-02
-8.744414895772933960e-02
1.493007410317659378e-02
-7.048005238175392151e-03
-7.182028144598007202e-02
-2.266012318432331085e-02
-1.146630719304084778e-01
-2.091276086866855621e-02
2.510885335505008698e-02
8.169665234163403511e-04
-4.453569650650024414e-02
-5.334232375025749207e-02
-2.900251746177673340e-02
3.312946856021881104e-02
6.065947562456130981e-02
1.266043912619352341e-02
-6.655234843492507935e-02
4.860854893922805786e-02
-4.613697528839111328e-03
-4.601109772920608521e-02
-6.934835761785507202e-02
3.333733975887298584e-02
-4.565169289708137512e-02
-1.596131362020969391e-02
-6.038851663470268250e-02
-7.735958695411682129e-02
-7.284942269325256348e-02
7.332678884267807007e-02
9.978257119655609131e-03
-3.639183193445205688e-02
-5.452061444520950317e-02
-1.346818357706069946e-01
3.560157492756843567e-02
-4.595557972788810730e-02
6.953242421150207520e-02
-3.177931532263755798e-02
8.783613890409469604e-02
-3.050965368747711182e-01
2.086304128170013428e-02
-8.487977087497711182e-02
6.992622464895248413e-02
-2.263006567955017090e-01
-1.735662692226469517e-03
1.132177636027336121e-01
-4.817511886358261108e-02
6.151977553963661194e-02
1.868776232004165649e-02
8.589598536491394043e-02
9.692452847957611084e-02
1.137282177805900574e-01
-1.294998228549957275e-01
-1.562788933515548706e-01
8.143637329339981079e-02
8.391273021697998047e-02
6.993430107831954956e-02
-1.328581720590591431e-01
7.173045724630355835e-02
4.372607916593551636e-02
6.045645847916603088e-02
-3.097900934517383575e-02
7.073497027158737183e-02
-1.172350943088531494e-01
3.281327709555625916e-02
3.580370172858238220e-02
-3.367783036082983017e-03
2.487561479210853577e-02
-1.968684494495391846e-01
-2.714087665081024170e-01
-1.420699409209191799e-04
2.756034955382347107e-02
3.262512758374214172e-02
-8.026363700628280640e-02
-1.279055792838335037e-02
-5.329971760511398315e-02
6.627799011766910553e-03
3.788189962506294250e-03
-6.167706102132797241e-02
6.707705557346343994e-02
-6.213263049721717834e-02
7.562016695737838745e-02
-4.879753291606903076e-02
-1.465644687414169312e-01
-1.344929784536361694e-01
9.976322203874588013e-02
-8.894642442464828491e-02
9.861066937446594238e-02
-6.838319450616836548e-02
-6.468760967254638672e-02
-1.965793222188949585e-01
1.063790917396545410e-01
1.301734447479248047e-01
4.259504750370979309e-02
-1.732024550437927246e-02
-1.589947752654552460e-02
2.327452041208744049e-02
-8.638425171375274658e-02
-7.546512037515640259e-02
2.305638976395130157e-02
7.277300581336021423e-03
5.417944490909576416e-02
-5.181584507226943970e-02
4.889734089374542236e-02
-5.348434671759605408e-02
2.787119522690773010e-02
-3.689435496926307678e-02
-8.033594489097595215e-02
2.962826937437057495e-02
9.135675616562366486e-03
1.300794165581464767e-02
-4.180919006466865540e-02
1.312827318906784058e-02
-7.438811659812927246e-02
4.728326946496963501e-02
-4.493806045502424240e-03
-1.309299655258655548e-02
-4.508823901414871216e-02
-6.266725063323974609e-02
1.676164939999580383e-02
-7.043309509754180908e-02
-3.801194578409194946e-02
-5.844208970665931702e-02
-6.810558587312698364e-02
-5.067901220172643661e-03
-6.447836756706237793e-02
8.940041810274124146e-02
-1.453321129083633423e-01
-7.081880420446395874e-02
9.091992676258087158e-02
-1.179904416203498840e-01
1.300214082002639771e-01
-1.805468946695327759e-01
-1.672034114599227905e-01
5.607931688427925110e-02
-1.860770434141159058e-01
-1.634833365678787231e-01
1.658572629094123840e-02
-5.665002390742301941e-02
-1.415122747421264648e-01
9.223255515098571777e-02
-6.458089500665664673e-02
1.131878867745399475e-01
4.794219508767127991e-02
1.008574962615966797e-01
-6.730256974697113037e-02
-5.958729609847068787e-02
-4.465137049555778503e-02
-5.657482147216796875e-02
2.484685741364955902e-02
-3.793698176741600037e-02
-1.989323273301124573e-02
3.947853296995162964e-02
-2.983914688229560852e-02
-6.518479436635971069e-02
-6.309878826141357422e-02
4.305296018719673157e-02
-7.424671202898025513e-02
7.051653414964675903e-02
4.408213123679161072e-02
-2.539903298020362854e-02
-3.168846713379025459e-03
2.737426385283470154e-02
-2.087898924946784973e-02
-1.379694137722253799e-02
3.782748430967330933e-02
3.535186871886253357e-02
1.342611759901046753e-02
-1.080016046762466431e-02
-2.624060586094856262e-02
4.064243659377098083e-02
5.685089528560638428e-02
7.947594672441482544e-02
1.111583411693572998e-02
1.321231573820114136e-01
-6.443679332733154297e-02
-1.886054724454879761e-01
-1.215708702802658081e-01
-6.318855285644531250e-02
-9.572700411081314087e-02
8.814746513962745667e-03
-3.128064796328544617e-02
7.719397544860839844e-03
-3.759561851620674133e-02
-6.846853345632553101e-02
5.127652734518051147e-02
8.765199035406112671e-02
8.003973960876464844e-02
7.785698026418685913e-02
-9.222044050693511963e-02
8.775322884321212769e-02
1.654503680765628815e-02
-7.343425601720809937e-02
-8.378465473651885986e-02
4.402820765972137451e-02
-2.768581733107566833e-02
7.638216763734817505e-02
3.317566588521003723e-02
-5.096900090575218201e-02
3.980174660682678223e-03
-4.822144657373428345e-02
6.681916862726211548e-02
-6.393927149474620819e-03
3.318033739924430847e-02
-1.152703538537025452e-02
-7.275618612766265869e-02
-1.738297380506992340e-02
-1.104056164622306824e-01
-1.194507703185081482e-01
6.103200465440750122e-02
-7.702606171369552612e-02
-3.744887933135032654e-02
-2.614719048142433167e-02
-8.295402675867080688e-02
-9.083227813243865967e-02
-1.865542531013488770e-01
-1.311486065387725830e-01
-1.391583085060119629e-01
9.008063375949859619e-02
1.017458662390708923e-01
-1.363586634397506714e-01
1.034028083086013794e-01
1.051095128059387207e-01
-2.433411628007888794e-01
-1.498571485280990601e-01
-1.956432461738586426e-01
7.587787508964538574e-02
8.445550501346588135e-02
-1.392405852675437927e-02
-4.888205230236053467e-02
8.458462357521057129e-02
-1.042284443974494934e-02
8.019144833087921143e-02
-1.547739654779434204e-01
-1.320320218801498413e-01
5.564648285508155823e-02
-1.058427691459655762e-01
-9.566400200128555298e-03
6.440676748752593994e-02
1.832508854568004608e-02
5.855279043316841125e-02
-2.093143388628959656e-02
7.527519762516021729e-02
-2.575321495532989502e-01
9.259306639432907104e-02
-1.361848562955856323e-01
7.285909354686737061e-02
5.063730850815773010e-02
6.519249826669692993e-02
-9.722632169723510742e-02
1.084070354700088501e-01
4.748598486185073853e-02
-1.497636735439300537e-01
-4.248203709721565247e-02
3.617133200168609619e-02
-6.246687844395637512e-03
5.160662159323692322e-02
2.612248435616493225e-02
-7.093223929405212402e-02
-1.387674827128648758e-02
-3.992315381765365601e-02
-1.717851497232913971e-02
2.299131453037261963e-02
-1.762785017490386963e-01
7.930960506200790405e-02
-8.212070167064666748e-02
1.732517629861831665e-01
-4.909776523709297180e-02
-3.101335652172565460e-02
-8.236641436815261841e-02
1.122540906071662903e-01
-1.207268238067626953e-01
-1.535511761903762817e-01
6.112432107329368591e-02
2.388514019548892975e-02
-1.227800641208887100e-02
-1.577536761760711670e-01
1.698711421340703964e-03
1.982189528644084930e-02
4.140326380729675293e-02
-1.656999588012695312e-01
1.055502612143754959e-02
-1.994240283966064453e-01
-8.152509108185768127e-03
-1.438849605619907379e-02
9.397315792739391327e-03
1.436472125351428986e-02
-6.183420494198799133e-02
-1.015463192015886307e-02
-2.049210295081138611e-02
2.827840857207775116e-02
3.629558160901069641e-02
1.250310335308313370e-02
-3.670321404933929443e-02
-7.392595708370208740e-02
4.213678836822509766e-02
3.482493758201599121e-02
-1.396940462291240692e-02
2.466682530939579010e-02
-1.057916656136512756e-01
1.392834726721048355e-02
-1.599644683301448822e-02
2.464558463543653488e-03
-3.772583976387977600e-02
-4.966544359922409058e-02
-8.765890449285507202e-02
-2.893265895545482635e-02
-8.488538861274719238e-02
-1.148537024855613708e-01
-5.208132043480873108e-02
3.165017813444137573e-02
-1.107786670327186584e-01
3.045543655753135681e-02
-1.300717145204544067e-01
5.264748260378837585e-02
-1.362934708595275879e-01
3.352154791355133057e-02
5.265248939394950867e-03
1.089563369750976562e-01
-8.610026538372039795e-02
1.011023446917533875e-01
1.308577414602041245e-02
-1.159324944019317627e-01
-1.997828185558319092e-01
8.958335220813751221e-02
-1.479542851448059082e-01
1.109795570373535156e-01
-2.354850061237812042e-02
1.127568781375885010e-01
-2.014648914337158203e-01
4.837253317236900330e-02
8.362940698862075806e-02
5.278704315423965454e-02
-3.257538005709648132e-02
-2.053305320441722870e-02
-7.833040505647659302e-02
9.269227087497711182e-02
-1.952315494418144226e-02
5.539412796497344971e-02
-1.004917547106742859e-01
-2.202018052339553833e-01
5.827015638351440430e-02
8.823352307081222534e-02
-1.177811324596405029e-01
4.025917127728462219e-02
-1.467909663915634155e-01
-4.183417651802301407e-03
-2.141742706298828125e-01
2.254178561270236969e-02
-1.858059018850326538e-01
3.336484730243682861e-02
-1.786228828132152557e-02
3.511766344308853149e-02
-1.738483645021915436e-02
2.008266933262348175e-02
-2.277619019150733948e-02
-5.960828438401222229e-02
-2.421309472993016243e-03
-5.943182110786437988e-02
8.533231168985366821e-02
-8.046843856573104858e-02
-1.245725527405738831e-02
4.625361040234565735e-02
5.646165460348129272e-02
6.577207148075103760e-02
-1.825837194919586182e-01
-1.027412191033363342e-01
9.013599157333374023e-02
4.437392204999923706e-02
9.239514917135238647e-02
-1.656192541122436523e-01
-7.939566671848297119e-02
6.828923523426055908e-02
2.386909164488315582e-02
-2.280684113502502441e-01
-1.785359084606170654e-01
-1.195231080055236816e-01
1.029677763581275940e-01
3.385580331087112427e-02
1.004718765616416931e-01
1.047423928976058960e-01
-2.167645655572414398e-02
-9.572172164916992188e-02
6.714377552270889282e-02
-4.847446456551551819e-02
-1.670482903718948364e-01
3.255452588200569153e-02
-2.799043059349060059e-01
3.070124052464962006e-02
1.615272276103496552e-02
-1.416915953159332275e-01
3.570619598031044006e-02
2.646239008754491806e-03
7.391854375600814819e-02
-1.643244177103042603e-01
9.516152739524841309e-02
-1.734568625688552856e-01
3.276843950152397156e-02
3.725358471274375916e-02
-2.109708450734615326e-02
6.396830826997756958e-02
-1.226772367954254150e-01
2.122870646417140961e-02
6.940103601664304733e-03
-6.320799584500491619e-04
-3.118632175028324127e-02
5.264609120786190033e-03
-2.010721340775489807e-02
-2.988598309457302094e-02
3.822764009237289429e-02
8.029488474130630493e-02
3.313694149255752563e-02
-3.814381733536720276e-02
2.009816467761993408e-02
-2.674144133925437927e-02
6.006709486246109009e-02
3.801123052835464478e-02
-3.092485964298248291e-01
9.031855314970016479e-02
9.036223590373992920e-02
-2.045177072286605835e-01
9.286356717348098755e-02
-1.217099651694297791e-01
4.448085278272628784e-02
1.068994961678981781e-02
-1.664203405380249023e-02
-3.896556794643402100e-03
-2.748846076428890228e-02
-3.292783349752426147e-02
4.706193506717681885e-02
-4.888416733592748642e-03
2.183697558939456940e-02
3.311407193541526794e-02
4.220086336135864258e-02
3.344012796878814697e-02
-5.721770599484443665e-02
-5.768850911408662796e-03
-4.972507711499929428e-03
6.135776266455650330e-02
-5.986993759870529175e-02
-2.532463893294334412e-02
-2.728343009948730469e-03
-4.815986379981040955e-03
1.199270635843276978e-01
-2.756584808230400085e-02
7.094939053058624268e-02
-1.479005068540573120e-01
6.919521093368530273e-02
-1.407922655344009399e-01
1.844320073723793030e-02
-3.503447771072387695e-02
4.759902879595756531e-02
-5.344881117343902588e-02
-8.107982575893402100e-02
-6.534881144762039185e-02
6.356424093246459961e-02
6.583827733993530273e-02
-1.493063420057296753e-01
5.214848741888999939e-02
7.166477292776107788e-02
5.279423668980598450e-02
-9.018772095441818237e-02
-1.494718939065933228e-01
-1.605130136013031006e-01
7.400573045015335083e-02
-1.866930574178695679e-01
-1.558543443679809570e-01
7.412829995155334473e-02
1.497546676546335220e-02
-3.993699327111244202e-02
-2.892173267900943756e-02
7.582543045282363892e-02
5.742662027478218079e-02
-1.009902283549308777e-01
1.379223167896270752e-01
8.072492200881242752e-04
-2.572179958224296570e-02
1.683051288127899170e-01
-1.264616400003433228e-01
-9.246091544628143311e-02
-1.353634521365165710e-02
-1.179882287979125977e-01
2.714738063514232635e-02
1.098781377077102661e-01
9.125945717096328735e-02
-1.333515644073486328e-01
5.868124309927225113e-03
-1.757780611515045166e-01
3.917374834418296814e-02
8.351472765207290649e-02
6.214090436697006226e-02
8.750151842832565308e-02
-2.153205871582031250e-01
-3.830501064658164978e-02
-2.155216224491596222e-02
-7.442110776901245117e-02
4.554063081741333008e-02
-4.737888276576995850e-02
-7.128596305847167969e-02
-4.930276051163673401e-02
2.731366828083992004e-02
-3.644722327589988708e-02
-3.284286940470337868e-03
-2.790007181465625763e-02
1.228118166327476501e-01
7.587227970361709595e-02
8.410859853029251099e-02
-9.012775123119354248e-02
9.621785581111907959e-02
-2.056135088205337524e-01
5.325357615947723389e-02
-1.372240185737609863e-01
1.956028491258621216e-02
-5.940141528844833374e-02
5.506729707121849060e-02
1.127976030111312866e-01
3.084601275622844696e-02
1.162703484296798706e-01
-9.538877755403518677e-02
-1.341841220855712891e-01
-5.302899703383445740e-02
-4.582038894295692444e-02
-2.099637687206268311e-01
-1.329655349254608154e-01
7.381780445575714111e-02
4.168807715177536011e-02
-6.963954865932464600e-02
5.557084828615188599e-02
-1.529134511947631836e-01
-2.206089943647384644e-01
6.879482418298721313e-02
-1.578500419855117798e-01
4.455775022506713867e-02
-9.176079928874969482e-02
1.158973127603530884e-01
1.276324987411499023e-01
-5.749674141407012939e-02
-1.138327792286872864e-01
-6.550930440425872803e-02
1.161023154854774475e-01
5.921223014593124390e-02
-1.162879634648561478e-02
-9.399481117725372314e-02
-5.820646882057189941e-02
-1.384339481592178345e-02
-2.111583715304732323e-03
1.187208853662014008e-02
1.749816723167896271e-02
-6.224072352051734924e-02
-3.882061690092086792e-02
-5.043911933898925781e-02
4.401275515556335449e-02
2.401845343410968781e-02
-6.967707723379135132e-02
-4.246683046221733093e-02
-6.331837922334671021e-02
-6.378981471061706543e-02
-4.131860658526420593e-02
-7.075361162424087524e-02
-1.390026807785034180e-01
1.382914781570434570e-01
-5.847073346376419067e-02
-5.067922174930572510e-02
9.665293246507644653e-02
-1.756343394517898560e-01
6.641287356615066528e-02
2.742942422628402710e-02
-3.395801410079002380e-02
-1.360272318124771118e-01
-1.483890563249588013e-01
-4.034860804677009583e-02
4.849938303232192993e-02
7.813034951686859131e-02
5.712066590785980225e-02
-2.006707191467285156e-01
-2.643031068146228790e-03
-1.322858333587646484e-01
-2.176290377974510193e-02
-1.470705568790435791e-01
1.667995355091989040e-03
1.600986532866954803e-02
2.098898403346538544e-02
4.140106588602066040e-02
-1.107647195458412170e-01
-1.203786656260490417e-01
1.302680522203445435e-01
1.362386625260114670e-02
3.607573360204696655e-02
-1.364964097738265991e-01
-9.686686843633651733e-02
1.555469781160354614e-01
-7.542834430932998657e-02
-1.300564110279083252e-01
5.734038539230823517e-03
9.104578755795955658e-03
-7.004670798778533936e-03
-4.522760398685932159e-03
-5.640083551406860352e-02
4.134089872241020203e-02
-2.946235984563827515e-02
3.714927239343523979e-03
1.530705951154232025e-02
-4.437097813934087753e-03
2.048008888959884644e-02
6.551660597324371338e-03
4.033563658595085144e-02
6.562258303165435791e-02
-1.039178669452667236e-01
-9.083045274019241333e-02
2.588479593396186829e-02
-8.184948563575744629e-02
5.477420520037412643e-03
-2.770070135593414307e-01
1.013932973146438599e-01
-3.788615763187408447e-02
-4.801606759428977966e-02
8.652938902378082275e-02
-2.707270681858062744e-01
5.590660497546195984e-02
-5.996564403176307678e-02
-9.480179846286773682e-02
3.334601223468780518e-02
1.053745150566101074e-01
-2.264649840071797371e-03
6.175816804170608521e-02
-3.267277730628848076e-03
2.113334648311138153e-02
1.202048733830451965e-03
2.829116582870483398e-02
-1.527682598680257797e-02
4.248180240392684937e-02
4.897744953632354736e-02
-7.504903711378574371e-03
1.046087667346000671e-01
-6.637185346335172653e-03
5.222790315747261047e-02
8.684992045164108276e-02
-2.101014703512191772e-01
-5.244901403784751892e-03
-9.973997622728347778e-02
2.718259580433368683e-02
-3.817189484834671021e-02
-1.619531661272048950e-01
-7.391761243343353271e-02
1.288714352995157242e-03
-2.491302415728569031e-02
-9.245534241199493408e-02
-5.821895971894264221e-02
3.345698118209838867e-02
-5.570099130272865295e-02
3.359613195061683655e-02
1.818742416799068451e-02
5.309962853789329529e-02
-6.888558715581893921e-02
1.069904211908578873e-02
3.576777875423431396e-02
1.482236757874488831e-02
8.003626763820648193e-02
-1.916483640670776367e-01
-1.247105840593576431e-02
-6.331399083137512207e-02
-1.531741172075271606e-01
1.003725379705429077e-01
7.198612391948699951e-02
1.695905439555644989e-02
4.860024899244308472e-02
3.371733706444501877e-03
-1.368116401135921478e-02
-1.349095702171325684e-01
-2.395038958638906479e-03
-1.701475530862808228e-01
-7.351681124418973923e-03
-2.450259216129779816e-02
3.508752910420298576e-03
-1.580700725317001343e-01
8.756904304027557373e-02
8.401202037930488586e-03
-1.697055995464324951e-01
-1.265249103307723999e-01
-1.580707877874374390e-01
6.932032108306884766e-02
6.646957248449325562e-02
7.122576236724853516e-02
-8.897927403450012207e-02
-6.632921844720840454e-02
1.941042393445968628e-02
-8.643153309822082520e-02
2.237149700522422791e-02
-9.624555706977844238e-02
-1.903679817914962769e-01
4.910982027649879456e-02
-2.195126265287399292e-01
-1.819532066583633423e-01
-1.823346167802810669e-01
1.064116507768630981e-01
9.576458483934402466e-02
-1.095552518963813782e-01
-1.399160735309123993e-02
7.007970660924911499e-02
3.029245510697364807e-02
9.372889250516891479e-02
-1.017136350274085999e-01
-1.445317268371582031e-01
7.738156616687774658e-02
1.138204708695411682e-01
1.161485910415649414e-01
1.186508387327194214e-01
-1.799190640449523926e-01
-1.199050694704055786e-01
5.205409135669469833e-03
1.232780143618583679e-01
-7.506207376718521118e-02
-1.348717063665390015e-01
3.674455359578132629e-02
-4.380194470286369324e-02
3.073414554819464684e-03
6.073280423879623413e-02
-1.391114443540573120e-01
4.141061753034591675e-02
-3.276006132364273071e-02
-6.193486228585243225e-02
-6.632148288190364838e-03
6.144067645072937012e-02
3.635809943079948425e-02
6.605435907840728760e-02
-1.263725608587265015e-01
-1.393363177776336670e-01
7.347465306520462036e-02
-5.135830864310264587e-02
-2.337582856416702271e-01
5.739839002490043640e-02
4.349568113684654236e-02
3.494601696729660034e-02
-7.271413505077362061e-02
-5.772263556718826294e-02
2.657632902264595032e-02
5.212621390819549561e-02
8.468300849199295044e-02
-1.551129221916198730e-01
-1.316110044717788696e-01
9.091609716415405273e-02
-6.520768161863088608e-03
9.015619754791259766e-02
5.433089658617973328e-02
-1.222219541668891907e-01
-1.554295420646667480e-02
3.708342788740992546e-03
1.230482943356037140e-02
4.187683761119842529e-02
7.550299167633056641e-02
-6.058918684720993042e-02
1.551424339413642883e-02
-2.293314486742019653e-01
-1.026376262307167053e-01
-1.976636052131652832e-01
-1.903829872608184814e-01
-7.488885521888732910e-02
6.897617876529693604e-02
4.717491194605827332e-02
-4.554931074380874634e-02
9.533329308032989502e-02
-7.058449834585189819e-02
6.526652723550796509e-02
8.117630332708358765e-02
-8.770825713872909546e-02
-6.778656691312789917e-02
6.985343992710113525e-02
1.901297643780708313e-02
1.635281927883625031e-02
-6.536401063203811646e-02
6.877003610134124756e-02
1.096736639738082886e-02
-4.107222706079483032e-02
-2.994262985885143280e-02
2.039185911417007446e-02
-1.593600958585739136e-02
7.066434621810913086e-02
-5.362464115023612976e-02
-1.125624775886535645e-01
-2.411020249128341675e-01
7.623640447854995728e-02
1.032239049673080444e-01
8.446841686964035034e-02
-6.298769265413284302e-02
-2.432074397802352905e-02
-2.223062701523303986e-02
-2.771268412470817566e-02
8.182350546121597290e-03
2.475550770759582520e-02
4.163386300206184387e-03
-2.107786387205123901e-02
-4.942816495895385742e-02
-3.994078561663627625e-02
1.738187111914157867e-02
-2.474904758855700493e-03
-2.084312029182910919e-02
8.788967877626419067e-02
4.655764251947402954e-02
-3.858162462711334229e-02
5.397995468229055405e-03
1.626260206103324890e-02
-2.536087483167648315e-02
6.929174810647964478e-02
-2.432563900947570801e-02
1.556331012398004532e-02
4.232661426067352295e-02
4.790770635008811951e-02
-1.124524399638175964e-01
-3.298182040452957153e-02
1.965445838868618011e-02
4.125106334686279297e-02
-4.817895218729972839e-02
-3.611158207058906555e-02
1.051735803484916687e-01
-1.262280642986297607e-01
8.265745639801025391e-02
5.255468934774398804e-02
-8.920002728700637817e-02
-1.089692935347557068e-01
6.730250269174575806e-02
-1.749567687511444092e-01
7.990708202123641968e-02
5.730259045958518982e-02
1.282641142606735229e-01
9.291070699691772461e-02
9.539739042520523071e-02
-3.818942606449127197e-02
2.402972616255283356e-02
-2.175032347440719604e-02
1.166489869356155396e-01
-1.369934082031250000e-01
-1.335090249776840210e-01
8.091090247035026550e-03
1.112616658210754395e-01
-1.939140409231185913e-01
-5.237302184104919434e-02
8.191578835248947144e-02
4.468096792697906494e-02
7.680095732212066650e-02
-1.777222007513046265e-02
-1.630156487226486206e-01
5.487554892897605896e-02
8.943313360214233398e-02
3.742974251508712769e-02
-1.432697940617799759e-02
-3.303064033389091492e-02
1.032722275704145432e-02
-6.034855544567108154e-02
-1.134161464869976044e-02
-7.529529184103012085e-02
-2.575805643573403358e-03
-7.157086580991744995e-02
-1.690773479640483856e-02
1.754418164491653442e-01
1.050758659839630127e-01
1.109652668237686157e-01
-8.262753486633300781e-02
-1.097715497016906738e-01
-5.136307328939437866e-02
-1.146923601627349854e-01
6.137326359748840332e-02
-1.757577806711196899e-01
-9.489642083644866943e-02
-9.795162826776504517e-02
-2.058296836912631989e-02
-2.370044589042663574e-03
-1.874530129134654999e-02
-1.396819204092025757e-02
-7.502242177724838257e-02
-1.101228524930775166e-03
-1.231599226593971252e-02
1.528297457844018936e-02
-1.800118200480937958e-02
8.850941061973571777e-02
9.203185141086578369e-02
7.153533399105072021e-03
7.197982072830200195e-02
-1.126392744481563568e-02
7.660322356969118118e-03
-1.202008500695228577e-02
4.387056082487106323e-02
-6.721001118421554565e-02
6.827214360237121582e-02
