2.419308945536613464e-02
-8.509176969528198242e-02
1.088277995586395264e-02
3.139068605378270149e-03
3.244873136281967163e-02
-4.008474200963973999e-02
1.885036192834377289e-02
3.460220620036125183e-02
-2.082930505275726318e-02
-8.581195026636123657e-03
-4.076329246163368225e-02
-1.856045797467231750e-02
6.735744327306747437e-02
-1.116019324399530888e-03
6.040201708674430847e-02
1.447850279510021210e-02
-1.820984669029712677e-02
1.863372512161731720e-02
2.241096086800098419e-02
1.361283659934997559e-02
1.823043450713157654e-02
2.977279014885425568e-02
6.713081151247024536e-02
2.043960615992546082e-02
-5.505368858575820923e-02
-1.152428146451711655e-02
-1.523982640355825424e-02
-2.286362089216709137e-02
-1.858642324805259705e-02
-1.206856146454811096e-01
-2.661649137735366821e-02
-9.638332761824131012e-03
-5.233699455857276917e-02
-7.427387405186891556e-03
4.377208650112152100e-02
-2.122668735682964325e-02
