3.472574800252914429e-02
7.380020618438720703e-02
4.469374939799308777e-02
3.029073588550090790e-02
7.700994610786437988e-02
4.477002099156379700e-02
5.226099491119384766e-02
2.272138744592666626e-02
2.465471625328063965e-02
4.060646891593933105e-02
4.387623816728591919e-02
4.157016798853874207e-02
1.980707608163356781e-02
4.243294894695281982e-02
8.235228806734085083e-02
7.324338704347610474e-02
4.157005622982978821e-02
2.517243474721908569e-02
7.847712188959121704e-02
7.673741877079010010e-02
8.276807516813278198e-02
4.426770657300949097e-02
6.515523046255111694e-02
6.691283732652664185e-02
3.641968965530395508e-02
3.900722041726112366e-02
4.059290885925292969e-02
6.033463031053543091e-02
1.907488144934177399e-02
8.472072891891002655e-03
9.265886247158050537e-02
9.345144033432006836e-03
1.547005679458379745e-02
2.333846874535083771e-02
8.674976229667663574e-02
7.987795770168304443e-02
7.737036049365997314e-02
1.020833700895309448e-01
7.751971948891878128e-03
9.476332925260066986e-03
3.016378264874219894e-03
2.758494764566421509e-02
-2.108944579958915710e-02
5.422321707010269165e-02
4.516375437378883362e-02
4.114728048443794250e-02
8.140062540769577026e-02
4.375465214252471924e-02
9.517809748649597168e-02
1.193745248019695282e-02
4.348812624812126160e-02
1.626258529722690582e-02
9.206179529428482056e-02
7.391064614057540894e-02
8.673393167555332184e-03
4.138726368546485901e-02
3.245984762907028198e-02
3.280662745237350464e-02
4.438579827547073364e-02
4.397212341427803040e-02
-4.525127820670604706e-03
7.051804661750793457e-02
1.370682381093502045e-02
3.996278718113899231e-02
2.684650011360645294e-02
-7.656485773622989655e-03
3.029481880366802216e-02
5.680154636502265930e-02
4.353458434343338013e-02
1.696277031442150474e-04
2.393964678049087524e-02
3.283971175551414490e-02
3.483809158205986023e-02
5.057394877076148987e-02
4.767724871635437012e-02
4.142052307724952698e-02
6.045969948172569275e-02
3.530037403106689453e-02
8.324510604143142700e-02
3.665067255496978760e-02
4.308279231190681458e-02
6.484743952751159668e-02
4.219909012317657471e-02
1.621744409203529358e-02
7.177282124757766724e-02
4.953557997941970825e-02
7.725416868925094604e-02
7.952166348695755005e-02
6.838420033454895020e-02
3.644963726401329041e-02
4.844246804714202881e-02
5.680945888161659241e-02
7.209724187850952148e-02
8.325342088937759399e-02
3.154620528221130371e-02
2.433844283223152161e-02
6.807018071413040161e-02
7.603511959314346313e-02
2.239272370934486389e-02
3.649181872606277466e-02
8.065188676118850708e-02
8.185998350381851196e-02
4.356528818607330322e-02
3.582919016480445862e-02
-9.750028140842914581e-03
3.930036351084709167e-02
5.942804738879203796e-02
5.013152211904525757e-02
-9.947619400918483734e-03
1.849075220525264740e-02
2.926450967788696289e-02
1.714595966041088104e-02
5.814425274729728699e-02
4.738460108637809753e-02
6.741803884506225586e-02
6.814902275800704956e-02
3.396609425544738770e-02
8.096040785312652588e-02
3.132764622569084167e-02
4.189716652035713196e-02
-6.319794338196516037e-03
6.908833980560302734e-02
5.424627289175987244e-02
7.688479125499725342e-02
4.386362805962562561e-02
5.985661223530769348e-02
1.494853105396032333e-02
3.337927535176277161e-02
