2.498679012060165405e-01
7.813887298107147217e-02
-3.143190145492553711e-01
-4.631633162498474121e-01
-2.739158570766448975e-01
5.964213237166404724e-02
-7.167130708694458008e-01
-4.159431159496307373e-01
-1.259292215108871460e-01
-1.132998033426702023e-03
-3.632883131504058838e-01
-5.050591230392456055e-01
5.861197784543037415e-02
2.337349206209182739e-01
1.706930398941040039e-01
-6.602751016616821289e-01
-8.548260666429996490e-03
2.391999065876007080e-01
1.589717119932174683e-01
1.214170604944229126e-01
-3.879330456256866455e-01
1.726089566946029663e-01
1.301818490028381348e-01
1.174442097544670105e-01
6.473456323146820068e-02
3.648470342159271240e-02
-4.617566615343093872e-02
1.343632787466049194e-01
1.148574501276016235e-01
-5.269181728363037109e-02
3.799998434260487556e-03
-3.623124212026596069e-02
1.222328245639801025e-01
8.123252540826797485e-02
-8.754259347915649414e-02
-3.370402380824089050e-02
-8.529117330908775330e-03
-1.937176473438739777e-02
-2.610323764383792877e-02
6.440670043230056763e-02
7.565291970968246460e-02
8.736245334148406982e-02
-3.343556076288223267e-02
1.054375022649765015e-01
2.336602844297885895e-02
-5.565244331955909729e-02
-5.082057788968086243e-02
8.109908550977706909e-02
-6.164421886205673218e-02
2.079928293824195862e-02
-2.839164137840270996e-01
-3.431165218353271484e-01
-2.137359082698822021e-01
-1.427479386329650879e-01
-7.977399230003356934e-02
-2.667212188243865967e-01
-3.252002894878387451e-01
-3.103993535041809082e-01
-2.122757881879806519e-01
-1.283877342939376831e-01
8.249359577894210815e-02
-3.942589461803436279e-02
-2.804896607995033264e-02
5.267311632633209229e-02
5.148469284176826477e-02
2.747044861316680908e-01
2.357393503189086914e-01
2.623366117477416992e-01
1.572094708681106567e-01
7.280878722667694092e-02
2.210786193609237671e-01
2.536216080188751221e-01
1.769403070211410522e-01
1.198378205299377441e-01
6.313300877809524536e-02
-1.994494348764419556e-02
8.839891105890274048e-02
-3.275295346975326538e-02
-1.337633430957794189e-01
-3.576679229736328125e-01
1.062579676508903503e-01
8.524265140295028687e-02
-2.073175273835659027e-02
-2.634615004062652588e-01
-2.366718947887420654e-01
-9.259510785341262817e-03
9.086758643388748169e-02
5.654291063547134399e-02
1.040249019861221313e-01
1.629336476325988770e-01
-4.881602898240089417e-02
1.094970032572746277e-01
1.426163762807846069e-01
2.358414381742477417e-01
5.815507099032402039e-02
3.059954149648547173e-03
-4.004659876227378845e-02
7.556684315204620361e-02
-1.182264275848865509e-02
4.006783943623304367e-03
1.845588684082031250e-01
3.066269159317016602e-01
2.382152676582336426e-01
1.320922970771789551e-01
1.009604781866073608e-01
2.075777202844619751e-01
1.310744732618331909e-01
4.787392169237136841e-02
8.101520687341690063e-02
-7.693983614444732666e-02
-1.121184439398348331e-03
-1.185892522335052490e-01
-8.448150008916854858e-02
-9.169814735651016235e-02
-8.485125750303268433e-02
-1.765721291303634644e-01
-2.170134484767913818e-01
-3.053003847599029541e-01
-2.947227358818054199e-01
-1.141229644417762756e-01
-1.234906688332557678e-01
-2.389833331108093262e-01
-1.280222535133361816e-01
-1.917506218887865543e-03
5.763382837176322937e-02
-2.249355316162109375e-01
-2.578711807727813721e-01
-1.146344188600778580e-02
8.114901185035705566e-02
1.296991258859634399e-01
-2.662907242774963379e-01
-1.023719906806945801e-01
6.107458472251892090e-02
2.158631533384323120e-01
1.559439152479171753e-01
-1.412897855043411255e-01
-5.286103114485740662e-02
1.282754838466644287e-01
2.052224278450012207e-01
1.590649224817752838e-02
-1.496372967958450317e-01
2.280147373676300049e-02
9.652208536863327026e-02
1.773534715175628662e-01
7.436919212341308594e-02
-1.165963709354400635e-01
3.510582447052001953e-02
1.694716140627861023e-02
1.673197597265243530e-01
5.689195543527603149e-02
-2.017519203945994377e-03
-1.990429311990737915e-01
-3.236995935440063477e-01
-2.772160470485687256e-01
-1.069370508193969727e-01
1.080549508333206177e-01
8.870942145586013794e-02
1.089990213513374329e-01
-2.485769242048263550e-02
6.066990271210670471e-02
2.090254127979278564e-01
3.102986514568328857e-01
1.736861020326614380e-01
1.984755247831344604e-01
1.269109994173049927e-01
-1.586183011531829834e-01
3.199156373739242554e-02
8.471981436014175415e-02
2.260872162878513336e-02
-2.229297719895839691e-02
-3.170668184757232666e-01
-2.522876262664794922e-01
-1.519038081169128418e-01
6.649070978164672852e-02
9.349285811185836792e-02
-3.537826240062713623e-02
-3.354175388813018799e-02
2.620271965861320496e-02
-1.694994606077671051e-02
-1.833316311240196228e-02
4.241730272769927979e-02
6.395407021045684814e-02
2.227479517459869385e-01
1.541704684495925903e-01
2.237056382000446320e-02
1.464210450649261475e-01
1.085735857486724854e-01
8.706063032150268555e-02
2.942135334014892578e-01
2.183541804552078247e-01
-2.724983356893062592e-02
-1.467345058917999268e-01
-2.304127067327499390e-01
-2.719774469733238220e-02
1.852455884218215942e-01
-1.149371936917304993e-01
-3.156832158565521240e-01
-4.058615565299987793e-01
-1.928295195102691650e-01
-3.170802490785717964e-03
-2.655819356441497803e-01
-2.704559564590454102e-01
-1.134632229804992676e-01
3.969621285796165466e-02
1.406590938568115234e-01
-3.683842718601226807e-01
-1.000884398818016052e-01
2.516932412981987000e-02
1.112693399190902710e-01
1.885750144720077515e-01
-1.907574534416198730e-01
-5.833007022738456726e-02
1.262905150651931763e-01
1.598338484764099121e-01
6.279112398624420166e-02
-4.013014212250709534e-02
8.216610550880432129e-02
9.860657155513763428e-02
1.612378656864166260e-01
1.000666022300720215e-01
1.065669208765029907e-01
5.638811364769935608e-02
8.579006791114807129e-02
1.434764009900391102e-03
6.919262558221817017e-02
-7.738193869590759277e-02
-7.187972962856292725e-02
1.571849137544631958e-01
1.863508671522140503e-01
1.529459804296493530e-01
1.869917511940002441e-01
2.952331900596618652e-01
2.323182970285415649e-01
1.806155145168304443e-01
1.612783223390579224e-01
2.142591923475265503e-01
1.455809026956558228e-01
-3.310057520866394043e-02
-8.685376495122909546e-03
1.037538871169090271e-01
-9.242451190948486328e-02
-1.976648420095443726e-01
-1.281783878803253174e-01
-1.865396648645401001e-01
3.547064960002899170e-02
-3.006107211112976074e-01
-2.677352726459503174e-01
-2.359329015016555786e-01
-1.907974481582641602e-01
-1.148690357804298401e-01
1.343554109334945679e-01
2.635755836963653564e-01
1.967663764953613281e-01
4.100646823644638062e-02
-9.842623258009552956e-04
1.125305220484733582e-01
2.032717019319534302e-01
1.130074262619018555e-01
-1.561793033033609390e-02
-2.587911486625671387e-01
9.525687992572784424e-02
1.989342421293258667e-01
1.761048659682273865e-02
-2.494706660509109497e-01
-2.535077929496765137e-01
1.173892319202423096e-01
3.703841567039489746e-02
-4.032478481531143188e-02
-2.961219847202301025e-01
-2.834413349628448486e-01
9.960077702999114990e-02
5.075095221400260925e-02
-1.725595891475677490e-01
-3.381483852863311768e-01
-1.649534255266189575e-01
1.318417787551879883e-01
2.233067452907562256e-01
2.555360496044158936e-01
1.405890733003616333e-01
2.272141277790069580e-01
2.377039343118667603e-01
2.243934422731399536e-01
2.075540572404861450e-01
2.573832869529724121e-01
5.979067087173461914e-02
-7.917666435241699219e-02
-4.397766292095184326e-02
-6.848075427114963531e-03
-1.423504650592803955e-01
-1.262431442737579346e-01
-2.295449227094650269e-01
-2.635778784751892090e-01
-3.508294820785522461e-01
-2.997775375843048096e-01
-9.051147848367691040e-02
-1.199078783392906189e-01
-2.012556791305541992e-01
-1.436813771724700928e-01
8.494114503264427185e-03
4.525244981050491333e-02
4.509898647665977478e-02
1.491284929215908051e-02
5.038627982139587402e-02
-2.318258732557296753e-01
-2.474501579999923706e-01
6.380537152290344238e-02
1.936901509761810303e-01
1.534154713153839111e-01
-9.771072864532470703e-02
-3.228749334812164307e-01
-1.753442138433456421e-01
1.173138022422790527e-01
3.382921814918518066e-01
8.753367513418197632e-02
-1.226942986249923706e-01
-2.558686733245849609e-01
3.375140950083732605e-02
2.478539198637008667e-01
2.521990239620208740e-01
6.229817494750022888e-02
-3.698612153530120850e-01
-2.715404033660888672e-01
5.489685386419296265e-02
4.649556800723075867e-02
1.179537251591682434e-01
-2.468033581972122192e-01
1.357792317867279053e-02
4.640527535229921341e-03
7.287636399269104004e-02
5.574402958154678345e-02
-1.550560593605041504e-01
3.063078597187995911e-02
1.503317952156066895e-01
1.092888414859771729e-01
1.746905036270618439e-02
-2.204218134284019470e-02
4.103490337729454041e-02
1.178726777434349060e-01
3.847476094961166382e-02
-1.500033289194107056e-01
6.334502995014190674e-02
1.044746637344360352e-01
6.191787868738174438e-02
-4.215443041175603867e-03
-6.125333532691001892e-02
-2.340032253414392471e-03
6.054133642464876175e-03
-2.729881554841995239e-02
1.141893640160560608e-01
-1.615340262651443481e-02
6.122368946671485901e-02
6.981348991394042969e-02
-3.708449378609657288e-02
-9.486759454011917114e-02
-3.396251797676086426e-01
8.903189748525619507e-02
9.028937667608261108e-02
-2.128487825393676758e-02
-1.168238148093223572e-01
-2.274829745292663574e-01
8.533061295747756958e-02
1.428656429052352905e-01
1.229264661669731140e-01
-1.173673430457711220e-03
2.290602587163448334e-02
2.546034054830670357e-03
1.561862677335739136e-01
1.321250498294830322e-01
9.434086084365844727e-02
-3.777955099940299988e-02
-2.925736270844936371e-02
2.308049239218235016e-02
-8.694756031036376953e-02
8.207757025957107544e-02
1.148216873407363892e-01
1.946090161800384521e-01
3.117988705635070801e-01
2.328875660896301270e-01
-5.932417139410972595e-02
-1.735746562480926514e-01
2.998141348361968994e-01
1.898552030324935913e-01
-1.683392375707626343e-01
-3.369981348514556885e-01
-1.363970637321472168e-01
2.674196958541870117e-01
3.336600959300994873e-02
-2.785379886627197266e-01
-4.639064073562622070e-01
-4.083921387791633606e-02
1.642687469720840454e-01
-1.508577167987823486e-01
-4.399623870849609375e-01
-3.729204535484313965e-01
7.555481791496276855e-02
2.306459471583366394e-02
-9.118404239416122437e-02
-2.283747941255569458e-01
-2.558377385139465332e-02
1.681518405675888062e-01
