-1.680122613906860352e-01
7.823331654071807861e-02
9.844034165143966675e-02
-1.445932537317276001e-01
-4.542239010334014893e-02
-1.357903182506561279e-01
1.463351845741271973e-01
-8.723312616348266602e-02
-1.290858089923858643e-01
-6.803705543279647827e-02
-3.999841213226318359e-02
5.522045493125915527e-02
-1.871383637189865112e-01
-1.353344470262527466e-01
3.151125460863113403e-02
9.657516330480575562e-02
1.082676202058792114e-01
-2.021582424640655518e-01
2.417956851422786713e-02
2.676619403064250946e-02
-1.322023272514343262e-01
-1.313984990119934082e-01
-8.771977387368679047e-03
2.167844958603382111e-02
2.179197408258914948e-02
-2.645601518452167511e-02
-2.740757763385772705e-01
2.217694185674190521e-02
3.481141105294227600e-02
5.203745514154434204e-02
-2.113481163978576660e-01
-5.677123367786407471e-02
-4.553150758147239685e-02
7.276359945535659790e-02
7.896015793085098267e-02
6.609376519918441772e-02
6.403372436761856079e-02
-1.346090286970138550e-01
-3.790752589702606201e-02
7.171595841646194458e-02
-1.170482710003852844e-01
-2.193978875875473022e-01
8.856578171253204346e-02
-1.445105373859405518e-01
1.104746013879776001e-01
-1.143323481082916260e-01
-2.513366639614105225e-01
6.595170497894287109e-02
9.743425995111465454e-02
3.793594241142272949e-02
-9.488061070442199707e-03
5.273878574371337891e-02
-1.900273747742176056e-02
2.274818718433380127e-02
-2.134805358946323395e-02
-8.369759470224380493e-02
-9.062557667493820190e-02
-6.313628703355789185e-02
6.882115732878446579e-03
-3.074221312999725342e-02
-5.754669755697250366e-02
9.989109635353088379e-02
9.885875880718231201e-02
-9.504687786102294922e-02
1.525374948978424072e-01
1.018274482339620590e-02
1.101142391562461853e-01
-1.948459893465042114e-01
-4.731837287545204163e-02
-2.802877724170684814e-01
8.303145319223403931e-02
3.487187786959111691e-04
2.597923390567302704e-02
4.640234634280204773e-02
1.012814119458198547e-01
1.663030683994293213e-02
1.573062129318714142e-02
1.420157309621572495e-02
7.687903940677642822e-02
1.028795447200536728e-02
-2.405575811862945557e-01
-2.470974326133728027e-01
-1.342242658138275146e-01
1.156692132353782654e-01
-2.670463323593139648e-01
1.051173508167266846e-01
4.794392362236976624e-02
-1.818254590034484863e-01
1.783511228859424591e-02
-7.621772587299346924e-02
3.942957520484924316e-02
-6.104331463575363159e-02
-7.896858453750610352e-02
-3.954286500811576843e-02
-9.101960808038711548e-03
6.603194028139114380e-02
9.340026229619979858e-02
-1.100175082683563232e-02
-1.543369423598051071e-02
3.601956414058804512e-03
3.419904410839080811e-02
3.947645798325538635e-02
-7.564540952444076538e-02
-5.187670886516571045e-02
3.325472399592399597e-02
-1.351720932871103287e-02
-1.387816946953535080e-02
3.493398800492286682e-02
-4.570331051945686340e-02
-3.165506199002265930e-02
5.010909959673881531e-02
-2.496780604124069214e-01
-1.121888682246208191e-01
8.086208999156951904e-02
7.428879290819168091e-02
-1.411320362240076065e-02
-1.499422360211610794e-02
2.068499801680445671e-03
-1.180560067296028137e-01
6.965374946594238281e-02
-8.010013401508331299e-02
-4.736499488353729248e-02
-2.458465751260519028e-03
-6.408059503883123398e-03
-1.844842452555894852e-03
-1.723456382751464844e-02
3.940775245428085327e-02
-5.409488454461097717e-02
-3.925459831953048706e-02
-2.059430629014968872e-02
6.565176695585250854e-02
-6.694220006465911865e-02
2.781533636152744293e-03
4.888188093900680542e-03
4.357152618467807770e-03
1.544176600873470306e-02
9.517486207187175751e-03
7.914301007986068726e-02
-4.544433951377868652e-02
1.579545252025127411e-02
7.229667622596025467e-03
-1.638078838586807251e-01
8.991998434066772461e-02
9.792916476726531982e-02
-2.863229513168334961e-01
-4.247420653700828552e-02
2.318228594958782196e-02
-2.070568054914474487e-01
1.047210767865180969e-01
-1.176701411604881287e-01
-1.177560314536094666e-01
-1.237866505980491638e-01
-1.866025179624557495e-01
-1.549108773469924927e-01
6.800197064876556396e-02
8.386956155300140381e-02
1.272288858890533447e-01
5.621831864118576050e-03
9.168720245361328125e-02
7.574713975191116333e-02
7.835862785577774048e-02
6.012144684791564941e-02
-3.783365711569786072e-02
6.223212555050849915e-02
-3.185161575675010681e-02
-6.824921816587448120e-02
-2.525770850479602814e-02
-1.495241746306419373e-02
3.271872177720069885e-02
-1.322143245488405228e-02
-6.807988137006759644e-02
-6.589641422033309937e-02
-3.649134561419487000e-02
-9.686816483736038208e-03
-7.034827768802642822e-02
-6.429780740290880203e-03
2.618469111621379852e-02
-4.784860182553529739e-03
-4.727628827095031738e-02
-2.559104189276695251e-02
-2.151375412940979004e-01
-1.535587757825851440e-02
1.144125387072563171e-01
1.110457777976989746e-01
-1.557180732488632202e-01
1.055842339992523193e-01
-1.201787665486335754e-01
-1.783974319696426392e-01
1.033063158392906189e-01
-4.484727606177330017e-02
-1.048803552985191345e-01
4.930162802338600159e-02
-4.489165171980857849e-02
-9.470038861036300659e-02
7.329745590686798096e-02
-1.343580931425094604e-01
1.089565604925155640e-01
9.447319060564041138e-02
1.123923361301422119e-01
-1.141522526741027832e-01
1.315677911043167114e-01
-1.348292976617813110e-01
-1.812374889850616455e-01
-5.190369859337806702e-02
1.099854186177253723e-01
-1.246057152748107910e-01
7.664392888545989990e-02
-1.497096866369247437e-01
-2.313933968544006348e-01
1.032982021570205688e-01
7.272993028163909912e-02
-5.756928026676177979e-02
2.888107858598232269e-02
2.738356217741966248e-02
3.943767771124839783e-02
-2.528064697980880737e-02
9.118331223726272583e-02
5.333518236875534058e-02
7.771756500005722046e-02
4.948196187615394592e-02
-1.323286592960357666e-01
9.801347553730010986e-02
-1.612022072076797485e-01
-2.759360671043395996e-01
1.084654927253723145e-01
-1.130790561437606812e-01
6.218504160642623901e-02
-7.328230142593383789e-02
-1.279157400131225586e-01
9.546061605215072632e-02
6.239615753293037415e-02
-1.451706290245056152e-01
1.369569823145866394e-02
-1.259219739586114883e-02
-2.833213806152343750e-01
7.122046500444412231e-02
-5.098394304513931274e-02
3.993595391511917114e-02
-5.381830781698226929e-02
1.254719309508800507e-02
-1.669213920831680298e-02
1.118028443306684494e-02
-3.079458884894847870e-02
3.316751867532730103e-02
-2.582120709121227264e-02
6.618324667215347290e-02
-7.424211595207452774e-03
1.515642926096916199e-02
1.716679148375988007e-02
-4.828653298318386078e-03
-5.203960835933685303e-02
3.459921106696128845e-02
-7.990819960832595825e-02
3.784509375691413879e-02
-1.836613938212394714e-02
4.604167118668556213e-02
2.324787899851799011e-02
7.250282168388366699e-02
-3.934076055884361267e-02
-7.107767462730407715e-02
5.052181705832481384e-02
-4.761876538395881653e-02
-1.920638605952262878e-02
6.289318203926086426e-02
-5.574686918407678604e-03
1.101533509790897369e-02
-7.696378976106643677e-02
1.430174428969621658e-02
-5.468316748738288879e-02
3.334502689540386200e-03
1.353098601102828979e-01
-1.655423492193222046e-01
-1.659417897462844849e-01
2.675561048090457916e-02
-9.472730010747909546e-02
-7.771646976470947266e-02
1.253051757812500000e-01
1.522504836320877075e-01
-4.802671074867248535e-02
-8.104426413774490356e-02
-1.810425519943237305e-01
1.749345958232879639e-01
-3.228805214166641235e-02
-1.099622771143913269e-01
-4.023885354399681091e-02
2.680428558960556984e-03
-4.270391166210174561e-02
-6.029524654150009155e-02
-1.582678854465484619e-01
-9.847164154052734375e-03
6.304413825273513794e-02
-1.012463644146919250e-01
-5.830526351928710938e-03
-7.282073795795440674e-02
-1.220494136214256287e-02
8.232363313436508179e-02
-1.427674740552902222e-01
-1.390644311904907227e-01
4.923309013247489929e-02
-9.976056404411792755e-03
-1.294514983892440796e-01
8.937727659940719604e-02
-1.375152319669723511e-01
-1.753905117511749268e-01
1.193205490708351135e-01
-2.530581057071685791e-01
-1.785503774881362915e-01
-3.681612759828567505e-02
2.360753528773784637e-02
1.018531844019889832e-01
2.950357645750045776e-02
-6.397905200719833374e-02
1.163220629096031189e-01
-9.081497043371200562e-02
-1.783358603715896606e-01
-1.313032805919647217e-01
-9.348692744970321655e-02
9.609445929527282715e-03
-6.459014862775802612e-02
-3.958936035633087158e-02
-2.011034637689590454e-02
-4.450888559222221375e-02
-5.318712070584297180e-02
1.816726289689540863e-02
-3.884573653340339661e-02
2.555075101554393768e-02
-5.500676110386848450e-02
-1.415503676980733871e-02
-6.585913244634866714e-03
-2.217849344015121460e-02
1.519775688648223877e-01
-9.548185765743255615e-02
-9.080482274293899536e-02
-1.496432721614837646e-01
6.175513193011283875e-02
1.258987039327621460e-01
4.418226424604654312e-03
1.601633578538894653e-01
-1.575446128845214844e-01
-3.020538389682769775e-02
-3.531473875045776367e-02
9.419717639684677124e-02
9.278071671724319458e-02
7.237931340932846069e-02
-1.369608640670776367e-01
-2.200825661420822144e-01
-2.238232046365737915e-01
6.760780513286590576e-02
9.478677064180374146e-02
3.282238170504570007e-02
-7.503103464841842651e-02
-9.161833673715591431e-02
1.329624205827713013e-01
-3.693901002407073975e-03
9.754779189825057983e-02
5.046274513006210327e-02
1.321134716272354126e-01
-8.511865511536598206e-03
-2.004541307687759399e-01
-2.414938658475875854e-01
-1.491134017705917358e-01
7.576231658458709717e-02
-9.766030311584472656e-02
-1.887747496366500854e-01
7.502596825361251831e-02
6.567607074975967407e-02
8.504764735698699951e-02
-1.834949254989624023e-01
8.251562714576721191e-02
3.675828501582145691e-02
1.647756248712539673e-01
7.026776671409606934e-02
2.356178686022758484e-02
-1.040809825062751770e-01
-2.184306085109710693e-01
-6.572789698839187622e-02
-1.687884144484996796e-02
3.910357132554054260e-02
9.032610058784484863e-02
-1.601987928152084351e-01
-1.030442640185356140e-01
1.434440910816192627e-01
-6.322056800127029419e-02
-1.348891407251358032e-01
-6.952741742134094238e-02
-7.387057691812515259e-02
-6.373864412307739258e-02
-9.090300649404525757e-02
-8.312309533357620239e-02
-4.556474462151527405e-02
-4.549125209450721741e-02
1.753638386726379395e-01
-8.680456131696701050e-02
-4.693003743886947632e-02
5.543205514550209045e-02
-2.955775335431098938e-02
4.525617510080337524e-02
-2.463821321725845337e-02
-1.132726669311523438e-01
1.052652522921562195e-01
-8.746400475502014160e-02
8.109258487820625305e-03
-7.330582477152347565e-03
-7.784869521856307983e-02
-4.852212965488433838e-02
-8.485414087772369385e-02
-2.102907933294773102e-02
2.522206678986549377e-02
1.394655701005831361e-04
-4.454110935330390930e-02
-1.551079098135232925e-02
-1.612859964370727539e-02
2.229824475944042206e-02
6.696555018424987793e-02
1.701333560049533844e-02
-9.297148138284683228e-02
8.789653331041336060e-02
-2.957358583807945251e-02
-8.612322062253952026e-02
-9.192954748868942261e-02
9.114164859056472778e-02
-1.459720451384782791e-02
-9.854201972484588623e-02
-3.721283376216888428e-02
-1.293061953037977219e-02
-1.243340522050857544e-01
-9.303514380007982254e-04
1.210252661257982254e-02
-7.488405331969261169e-03
-1.252682209014892578e-01
-1.614987403154373169e-01
5.306474119424819946e-02
-7.528004795312881470e-02
8.217129856348037720e-02
-2.678938210010528564e-02
7.761885970830917358e-02
-3.139668703079223633e-01
3.181306272745132446e-02
-1.029796600341796875e-01
7.716804742813110352e-02
-2.518936395645141602e-01
1.310348324477672577e-02
1.133534386754035950e-01
-6.001200526952743530e-02
5.209676548838615417e-02
8.225743658840656281e-03
8.235726505517959595e-02
9.811309725046157837e-02
1.275798529386520386e-01
-1.328853368759155273e-01
-1.518387645483016968e-01
8.699718117713928223e-02
9.915342181921005249e-02
7.762316614389419556e-02
-1.249804869294166565e-01
9.378885477781295776e-02
3.357942623551934958e-04
6.445041298866271973e-02
-6.455697864294052124e-02
4.548020288348197937e-02
-1.285207420587539673e-01
2.731605991721153259e-02
4.397356882691383362e-02
-1.111679896712303162e-02
1.796596869826316833e-02
-2.131231278181076050e-01
-3.009282052516937256e-01
4.500325303524732590e-03
4.164291545748710632e-02
3.539655730128288269e-02
-8.026363700628280640e-02
-1.279060076922178268e-02
-5.329971760511398315e-02
6.627794355154037476e-03
3.783797612413764000e-03
-6.167737394571304321e-02
6.707705557346343994e-02
-6.123701110482215881e-02
7.562016695737838745e-02
-4.978166148066520691e-02
-1.172780841588973999e-01
-1.439765244722366333e-01
1.291573494672775269e-01
-1.148898378014564514e-01
1.138081103563308716e-01
-7.623121142387390137e-02
-8.142919838428497314e-02
-2.281740307807922363e-01
1.281237304210662842e-01
1.055673509836196899e-01
7.064602524042129517e-02
7.384064607322216034e-03
-4.477237910032272339e-02
5.426751449704170227e-02
-6.566026806831359863e-02
-3.395083546638488770e-02
-1.229610200971364975e-02
4.366222769021987915e-02
2.561615966260433197e-02
-4.135850816965103149e-02
4.889734089374542236e-02
-5.348434671759605408e-02
2.787119522690773010e-02
-3.689435496926307678e-02
-8.033594489097595215e-02
2.962826937437057495e-02
9.135675616562366486e-03
1.300794165581464767e-02
-4.180919006466865540e-02
1.312827318906784058e-02
-7.438811659812927246e-02
4.728326946496963501e-02
-4.493806045502424240e-03
-1.309299655258655548e-02
-4.508823901414871216e-02
-6.266725063323974609e-02
1.676164939999580383e-02
-7.043309509754180908e-02
-3.801194578409194946e-02
-5.844208970665931702e-02
-7.060716301202774048e-02
-9.499250911176204681e-03
-5.637640878558158875e-02
6.931551545858383179e-02
-1.677394807338714600e-01
-6.547415256500244141e-02
1.230280399322509766e-01
-1.442157924175262451e-01
1.335647851228713989e-01
-2.146673202514648438e-01
-2.175268083810806274e-01
7.497459650039672852e-02
-1.779948025941848755e-01
-1.606714874505996704e-01
1.331386389210820198e-03
-5.240884050726890564e-02
-1.695168316364288330e-01
6.895484030246734619e-02
-5.849185958504676819e-02
1.372964829206466675e-01
7.439095526933670044e-02
1.001620665192604065e-01
-9.360134601593017578e-02
-6.398259103298187256e-02
-4.960104823112487793e-02
-1.077045351266860962e-01
2.050143107771873474e-02
-2.596986666321754456e-02
-4.023183882236480713e-02
5.435187369585037231e-02
-2.983914688229560852e-02
-6.518479436635971069e-02
-6.309878826141357422e-02
4.305296018719673157e-02
-7.424671202898025513e-02
7.051653414964675903e-02
4.408213123679161072e-02
-2.539903298020362854e-02
-3.168846713379025459e-03
2.737426385283470154e-02
-2.087898924946784973e-02
-1.379694137722253799e-02
3.782748430967330933e-02
3.535186871886253357e-02
1.342611759901046753e-02
-1.080016046762466431e-02
-2.624060586094856262e-02
4.064243659377098083e-02
5.685089528560638428e-02
7.947594672441482544e-02
5.072216317057609558e-02
1.352609246969223022e-01
-8.696275204420089722e-02
-2.081185132265090942e-01
-1.117284297943115234e-01
-6.971071660518646240e-02
-1.309137046337127686e-01
-2.129485830664634705e-02
-1.662876084446907043e-02
1.231207698583602905e-02
-3.759561851620674133e-02
-6.846853345632553101e-02
5.127652734518051147e-02
8.765199035406112671e-02
8.003973960876464844e-02
7.785698026418685913e-02
-9.222044050693511963e-02
8.775322884321212769e-02
1.654503680765628815e-02
-7.343425601720809937e-02
-8.378465473651885986e-02
4.402820765972137451e-02
-2.768581733107566833e-02
7.638216763734817505e-02
3.317566588521003723e-02
-5.096900090575218201e-02
3.980174660682678223e-03
-4.822144657373428345e-02
6.681916862726211548e-02
-6.393927149474620819e-03
2.429145202040672302e-02
-3.248749673366546631e-02
-8.304102718830108643e-02
-2.307750098407268524e-02
-8.948775380849838257e-02
-1.209377646446228027e-01
7.478379458189010620e-02
-7.890374958515167236e-02
-4.728648811578750610e-02
-5.192860960960388184e-02
-8.737124502658843994e-02
-1.163501664996147156e-01
-2.388328760862350464e-01
-1.295130997896194458e-01
-1.418547332286834717e-01
9.708712995052337646e-02
9.201329946517944336e-02
-1.690896451473236084e-01
9.981501102447509766e-02
1.319534480571746826e-01
-2.787992954254150391e-01
-9.441164135932922363e-02
-2.059544175863265991e-01
5.264810472726821899e-02
9.446720033884048462e-02
-5.119109153747558594e-02
-4.574984684586524963e-02
9.646494686603546143e-02
-3.031435981392860413e-02
9.579063951969146729e-02
-1.644040942192077637e-01
-1.459153592586517334e-01
7.695778459310531616e-02
-9.939827024936676025e-02
-2.570332586765289307e-02
6.853649020195007324e-02
-1.772063598036766052e-02
6.770174205303192139e-02
-1.608895696699619293e-02
7.284665107727050781e-02
-2.169003337621688843e-01
8.645659685134887695e-02
-1.199244931340217590e-01
6.573725491762161255e-02
7.920503616333007812e-02
5.653593689203262329e-02
-1.439636498689651489e-01
1.187801882624626160e-01
3.260407596826553345e-02
-1.457466930150985718e-01
-4.248203709721565247e-02
3.617133200168609619e-02
-6.246687844395637512e-03
5.160662159323692322e-02
2.612248435616493225e-02
-7.093223929405212402e-02
-1.387674827128648758e-02
-3.992315381765365601e-02
-1.717851497232913971e-02
2.299131453037261963e-02
-2.073375731706619263e-01
1.219088211655616760e-01
-7.546362280845642090e-02
2.049625962972640991e-01
-5.961744859814643860e-02
-3.757620975375175476e-02
-8.701990544795989990e-02
5.670100823044776917e-02
-1.448321491479873657e-01
-1.554468721151351929e-01
6.882961094379425049e-02
3.135823085904121399e-02
-1.079516485333442688e-02
-1.652397811412811279e-01
6.133628077805042267e-03
1.961461827158927917e-02
2.823198772966861725e-02
-1.923683881759643555e-01
2.166696451604366302e-02
-2.130487412214279175e-01
-8.152509108185768127e-03
-1.438849605619907379e-02
9.397315792739391327e-03
1.436472125351428986e-02
-6.183420494198799133e-02
-1.015463192015886307e-02
-2.049210295081138611e-02
2.827840857207775116e-02
3.629558160901069641e-02
1.250310335308313370e-02
-3.694909438490867615e-02
-7.513330131769180298e-02
3.697929903864860535e-02
3.410314023494720459e-02
-3.352198004722595215e-02
5.678530409932136536e-02
-1.060639917850494385e-01
1.456691510975360870e-02
-4.599509760737419128e-03
-1.935586519539356232e-02
-9.183428436517715454e-02
-6.356564909219741821e-02
-1.249981373548507690e-01
-1.172350486740469933e-03
-9.175401180982589722e-02
-1.289154738187789917e-01
-7.073090970516204834e-02
4.856643453240394592e-02
-1.274102479219436646e-01
2.822193689644336700e-02
-1.318891644477844238e-01
6.177357211709022522e-02
-1.042028665542602539e-01
6.682797521352767944e-02
-1.849917694926261902e-02
1.127371937036514282e-01
-9.425548464059829712e-02
8.568899333477020264e-02
1.792215334717184305e-04
-1.450284719467163086e-01
-1.890210807323455811e-01
1.214409768581390381e-01
-1.425460577011108398e-01
1.168427243828773499e-01
-3.633190691471099854e-02
1.123077347874641418e-01
-2.197296768426895142e-01
1.792132295668125153e-02
7.448537647724151611e-02
5.216097086668014526e-02
-1.086414325982332230e-02
-6.399750709533691406e-02
-1.021618768572807312e-01
8.491580933332443237e-02
-1.328135281801223755e-02
5.774572491645812988e-02
-1.262019276618957520e-01
-2.283940315246582031e-01
6.051437556743621826e-02
1.062052696943283081e-01
-1.503315418958663940e-01
6.643331050872802734e-02
-1.784127503633499146e-01
-7.177048362791538239e-03
-2.152062058448791504e-01
-6.196072790771722794e-04
-1.754596084356307983e-01
3.821567073464393616e-02
-3.263282403349876404e-02
5.416106805205345154e-02
-1.738483645021915436e-02
2.008266933262348175e-02
-2.277619019150733948e-02
-5.960828438401222229e-02
-2.421309472993016243e-03
-5.943182110786437988e-02
8.533231168985366821e-02
-8.046843856573104858e-02
-1.245725527405738831e-02
4.625361040234565735e-02
5.059185996651649475e-02
4.135769978165626526e-02
-1.919209212064743042e-01
-1.221044883131980896e-01
1.082652211189270020e-01
5.109725520014762878e-02
9.548149257898330688e-02
-1.616871505975723267e-01
-1.089379265904426575e-01
8.168739080429077148e-02
4.253015294671058655e-02
-2.475656867027282715e-01
-1.833478361368179321e-01
-1.183760464191436768e-01
7.837776094675064087e-02
6.069858372211456299e-02
9.908030927181243896e-02
1.008060202002525330e-01
-3.581185638904571533e-02
-1.031522750854492188e-01
2.619643509387969971e-02
-5.945840850472450256e-02
-2.036770135164260864e-01
1.495443377643823624e-02
-2.916259467601776123e-01
4.177358746528625488e-02
5.821247771382331848e-02
-1.637441664934158325e-01
3.505255654454231262e-02
2.067934349179267883e-02
5.938120558857917786e-02
-1.629624217748641968e-01
5.491612851619720459e-02
-1.931622326374053955e-01
3.939227387309074402e-02
5.578896030783653259e-02
-2.758816443383693695e-02
8.219435811042785645e-02
-1.378594636917114258e-01
5.056200921535491943e-02
6.940103601664304733e-03
-6.320799584500491619e-04
-3.118632175028324127e-02
5.264609120786190033e-03
-2.010721340775489807e-02
-2.988598309457302094e-02
3.822764009237289429e-02
8.029488474130630493e-02
3.313694149255752563e-02
-3.814381733536720276e-02
2.540912665426731110e-02
-3.287931531667709351e-02
6.593633443117141724e-02
3.735614195466041565e-02
-3.165736198425292969e-01
9.613250941038131714e-02
7.852288335561752319e-02
-2.143867760896682739e-01
9.545840322971343994e-02
-1.132413893938064575e-01
4.448085278272628784e-02
1.068994682282209396e-02
-1.664203405380249023e-02
-3.896556794643402100e-03
-2.745866775512695312e-02
-3.292787075042724609e-02
4.706193506717681885e-02
-4.888908471912145615e-03
2.165570855140686035e-02
3.311396390199661255e-02
4.220086336135864258e-02
3.344012796878814697e-02
-5.721770599484443665e-02
-5.768850911408662796e-03
-4.972507711499929428e-03
6.135776266455650330e-02
-5.986993759870529175e-02
-2.532463893294334412e-02
-2.728343009948730469e-03
-4.815986379981040955e-03
1.170154586434364319e-01
-4.950736090540885925e-02
7.184873521327972412e-02
-1.907870322465896606e-01
7.469841837882995605e-02
-1.641898751258850098e-01
4.671794176101684570e-02
-3.063688054680824280e-02
5.735819414258003235e-02
-5.748112127184867859e-02
-1.027253270149230957e-01
-6.769154965877532959e-02
7.724187523126602173e-02
6.557347625494003296e-02
-1.704450696706771851e-01
5.904601886868476868e-02
5.369538441300392151e-02
7.435994595289230347e-02
-1.142862960696220398e-01
-1.734686493873596191e-01
-1.857163161039352417e-01
7.776835560798645020e-02
-1.962572634220123291e-01
-1.457139998674392700e-01
9.435098618268966675e-02
2.853596583008766174e-02
-5.560845509171485901e-02
-3.110319562256336212e-02
5.222374573349952698e-02
5.795312300324440002e-02
-7.428854703903198242e-02
1.078069210052490234e-01
5.541349761188030243e-03
-2.160123921930789948e-02
1.759195178747177124e-01
-1.500964760780334473e-01
-9.224281460046768188e-02
-2.899662032723426819e-02
-1.121273860335350037e-01
4.693029448390007019e-02
1.254149973392486572e-01
6.990832090377807617e-02
-1.574743539094924927e-01
-6.685431580990552902e-03
-1.737237125635147095e-01
3.848233073949813843e-02
9.319326281547546387e-02
7.420805096626281738e-02
9.861997514963150024e-02
-2.484309822320938110e-01
-3.830501064658164978e-02
-2.155216224491596222e-02
-7.442110776901245117e-02
4.554063081741333008e-02
-4.737888276576995850e-02
-7.128596305847167969e-02
-4.930276051163673401e-02
2.731366828083992004e-02
-3.644722327589988708e-02
-3.284286940470337868e-03
-5.584843829274177551e-02
1.089629679918289185e-01
9.050616621971130371e-02
7.215914130210876465e-02
-1.163576021790504456e-01
1.015246212482452393e-01
-2.176610231399536133e-01
7.667977362871170044e-02
-1.645096987485885620e-01
2.742414921522140503e-02
-4.005419090390205383e-02
4.688162729144096375e-02
1.234411522746086121e-01
3.301963582634925842e-02
1.336634308099746704e-01
-8.683694899082183838e-02
-1.540256291627883911e-01
-9.325534850358963013e-02
-3.872869908809661865e-02
-2.373443990945816040e-01
-1.311569958925247192e-01
8.205368369817733765e-02
4.945740848779678345e-02
-8.613564819097518921e-02
6.474568694829940796e-02
-1.697598248720169067e-01
-2.280346900224685669e-01
7.701676338911056519e-02
-1.878418326377868652e-01
2.704909257590770721e-02
-1.328793615102767944e-01
1.111497953534126282e-01
1.622375547885894775e-01
-8.028239756822586060e-02
-1.132382377982139587e-01
-7.750263065099716187e-02
8.426918834447860718e-02
4.486110806465148926e-02
1.828738860785961151e-02
-9.092728793621063232e-02
-5.820644274353981018e-02
-1.385003514587879181e-02
-2.111630048602819443e-03
1.187189482152462006e-02
1.757509075105190277e-02
-6.224184483289718628e-02
-3.882061690092086792e-02
-5.044324696063995361e-02
4.400863498449325562e-02
2.395019307732582092e-02
-8.072022348642349243e-02
-1.733377762138843536e-02
-1.109355092048645020e-01
-8.142396807670593262e-02
-7.297248393297195435e-02
-4.087993130087852478e-02
-1.608482152223587036e-01
1.652082055807113647e-01
-4.988316446542739868e-02
-5.583679676055908203e-02
1.152406707406044006e-01
-1.789869219064712524e-01
5.453253909945487976e-02
1.324801705777645111e-02
-1.628094352781772614e-02
-1.640658974647521973e-01
-1.740164011716842651e-01
-2.220469154417514801e-02
2.883669734001159668e-02
9.128776937723159790e-02
5.914108082652091980e-02
-2.404750585556030273e-01
9.590896777808666229e-03
-1.805015355348587036e-01
-2.393331192433834076e-02
-1.889080107212066650e-01
2.781504206359386444e-02
5.043606273829936981e-03
2.196425572037696838e-02
5.859641730785369873e-02
-1.291563808917999268e-01
-1.326934099197387695e-01
1.403140723705291748e-01
4.105500876903533936e-02
-1.092183054424822330e-03
-1.345515996217727661e-01
-1.212754026055335999e-01
1.592952162027359009e-01
-1.168613508343696594e-01
-1.323057413101196289e-01
5.734038539230823517e-03
9.104578755795955658e-03
-7.004670798778533936e-03
-4.522760398685932159e-03
-5.640083551406860352e-02
4.134089872241020203e-02
-2.946235984563827515e-02
3.714927239343523979e-03
1.530705951154232025e-02
-4.437097813934087753e-03
8.689731359481811523e-03
-9.493632242083549500e-03
5.956649035215377808e-02
7.306351512670516968e-02
-1.410190463066101074e-01
-1.085027083754539490e-01
4.863590374588966370e-02
-8.083561807870864868e-02
-2.374783070990815759e-04
-2.810423672199249268e-01
1.031689718365669250e-01
-2.637441083788871765e-02
-9.985832870006561279e-02
6.914023309946060181e-02
-2.633316516876220703e-01
7.609168440103530884e-02
-5.916503444314002991e-02
-9.796489030122756958e-02
3.040099702775478363e-02
1.196335926651954651e-01
-2.265734365209937096e-03
6.204809620976448059e-02
-3.305804217234253883e-03
2.113313786685466766e-02
1.046180026605725288e-03
2.828439697623252869e-02
-1.528269425034523010e-02
4.242908582091331482e-02
4.896435514092445374e-02
-7.512201089411973953e-03
1.232664063572883606e-01
-1.534729730337858200e-02
4.970736056566238403e-02
8.663736283779144287e-02
-2.743318080902099609e-01
3.118731256108731031e-04
-1.072943955659866333e-01
4.154928028583526611e-02
-4.968158528208732605e-02
-1.853406578302383423e-01
-7.391761243343353271e-02
1.288714352995157242e-03
-2.491302415728569031e-02
-9.245534241199493408e-02
-5.821895971894264221e-02
3.345698118209838867e-02
-5.570099130272865295e-02
3.359613195061683655e-02
1.818742416799068451e-02
5.309962853789329529e-02
-8.339737355709075928e-02
1.610922440886497498e-02
3.162013739347457886e-02
-5.568297114223241806e-03
8.003742992877960205e-02
-1.962976157665252686e-01
-1.413655281066894531e-02
-5.563940107822418213e-02
-1.984254717826843262e-01
1.222871765494346619e-01
5.145066604018211365e-02
2.983521856367588043e-02
5.192159861326217651e-02
2.377975732088088989e-02
-2.395658753812313080e-02
-1.604269891977310181e-01
1.350422017276287079e-02
-1.817257404327392578e-01
-7.043363060802221298e-03
-5.455785244703292847e-02
-1.930993981659412384e-02
-1.841982156038284302e-01
9.255000948905944824e-02
3.568835556507110596e-02
-1.930886507034301758e-01
-1.592479497194290161e-01
-1.655127406120300293e-01
8.377885073423385620e-02
5.847553536295890808e-02
7.002721726894378662e-02
-5.201028659939765930e-02
-9.524008631706237793e-02
2.683546394109725952e-02
-7.742491364479064941e-02
-8.241469040513038635e-03
-1.132287234067916870e-01
-1.548232883214950562e-01
8.251564949750900269e-02
-2.451975643634796143e-01
-1.886886060237884521e-01
-1.903217434883117676e-01
9.339448064565658569e-02
1.061649322509765625e-01
-1.075824201107025146e-01
-1.703212969005107880e-03
7.483471184968948364e-02
3.364188969135284424e-02
1.012641042470932007e-01
-1.426804214715957642e-01
-1.449136286973953247e-01
1.053504049777984619e-01
1.493893414735794067e-01
1.317067295312881470e-01
1.056811362504959106e-01
-2.260685563087463379e-01
-1.216818094253540039e-01
8.022182737477123737e-04
1.069903671741485596e-01
-1.009120270609855652e-01
-1.502826213836669922e-01
3.674455359578132629e-02
-4.380194470286369324e-02
3.073414554819464684e-03
6.073280423879623413e-02
-1.391114443540573120e-01
4.141061753034591675e-02
-3.276006132364273071e-02
-6.193486228585243225e-02
-6.632148288190364838e-03
6.144067645072937012e-02
4.266496375203132629e-02
6.738983839750289917e-02
-1.443065106868743896e-01
-1.776863485574722290e-01
4.937851056456565857e-02
-5.209696665406227112e-02
-2.340226173400878906e-01
5.455771833658218384e-02
6.540836393833160400e-02
5.442377179861068726e-02
-1.105982735753059387e-01
-5.019862577319145203e-02
3.046642756089568138e-03
4.524155706167221069e-02
1.037851348519325256e-01
-1.499819010496139526e-01
-1.416185945272445679e-01
1.128693446516990662e-01
-2.534960210323333740e-02
8.343271911144256592e-02
7.670300453901290894e-02
-1.655994504690170288e-01
-2.985201589763164520e-02
-6.320909596979618073e-03
8.484787307679653168e-03
7.023463398218154907e-02
5.318970605731010437e-02
-5.208097770810127258e-02
2.966713719069957733e-02
-2.620383501052856445e-01
-1.111237555742263794e-01
-1.998378783464431763e-01
-2.057407498359680176e-01
-1.060638204216957092e-01
7.625335454940795898e-02
5.144003033638000488e-02
-5.965862795710563660e-02
1.031607612967491150e-01
-1.005567386746406555e-01
7.262466102838516235e-02
8.117630332708358765e-02
-8.770825713872909546e-02
-6.778656691312789917e-02
6.985343992710113525e-02
1.901297643780708313e-02
1.635281927883625031e-02
-6.536401063203811646e-02
6.877003610134124756e-02
1.096736639738082886e-02
-4.107222706079483032e-02
-6.673584878444671631e-02
2.527788095176219940e-02
-2.850592508912086487e-02
6.647075712680816650e-02
-6.130363792181015015e-02
-1.626780927181243896e-01
-2.688482403755187988e-01
6.296296417713165283e-02
1.375761926174163818e-01
1.062766537070274353e-01
-6.507247686386108398e-02
-6.122682988643646240e-02
8.211340755224227905e-03
-6.550667434930801392e-02
-5.871057137846946716e-02
2.542695030570030212e-02
1.406366238370537758e-03
-3.855382651090621948e-02
-2.092058025300502777e-02
-7.133113685995340347e-03
1.738187111914157867e-02
-2.474904758855700493e-03
-2.084312029182910919e-02
8.788967877626419067e-02
4.655764251947402954e-02
-3.858162462711334229e-02
5.397995468229055405e-03
1.626260206103324890e-02
-2.536087483167648315e-02
6.929174810647964478e-02
-2.432563900947570801e-02
1.556331012398004532e-02
4.232661426067352295e-02
4.790770635008811951e-02
-1.124524399638175964e-01
-3.298182040452957153e-02
1.965445838868618011e-02
4.125106334686279297e-02
-4.817895218729972839e-02
-3.611158207058906555e-02
1.098742187023162842e-01
-1.449366062879562378e-01
8.125139772891998291e-02
6.138629838824272156e-02
-8.341268450021743774e-02
-1.128399595618247986e-01
6.104561313986778259e-02
-1.866219788789749146e-01
8.583999425172805786e-02
4.899384081363677979e-02
1.282897293567657471e-01
7.906421273946762085e-02
1.036926060914993286e-01
-9.416724741458892822e-02
2.594052441418170929e-02
1.494271494448184967e-02
1.181171163916587830e-01
-1.488640159368515015e-01
-1.536962091922760010e-01
4.022892564535140991e-02
8.458814024925231934e-02
-2.211297750473022461e-01
-7.452414184808731079e-02
8.863709121942520142e-02
6.458810716867446899e-02
8.564704656600952148e-02
-3.357778489589691162e-02
-1.908552646636962891e-01
5.007394403219223022e-02
9.571624547243118286e-02
3.742974251508712769e-02
-1.432697940617799759e-02
-3.303064033389091492e-02
1.032722275704145432e-02
-6.034855544567108154e-02
-1.134161464869976044e-02
-7.529529184103012085e-02
-2.575805643573403358e-03
-7.157086580991744995e-02
-1.690773479640483856e-02
1.697869300842285156e-01
9.216081351041793823e-02
1.240475103259086609e-01
-1.161651685833930969e-01
-1.304023116827011108e-01
-3.058312274515628815e-02
-1.267880946397781372e-01
8.547508716583251953e-02
-1.866542994976043701e-01
-1.075332835316658020e-01
-1.122308075428009033e-01
3.646441036835312843e-03
-3.311811387538909912e-02
-5.729674920439720154e-02
-1.432190742343664169e-02
-8.883774280548095703e-02
-1.226451480761170387e-03
-3.592111170291900635e-02
-1.628638617694377899e-02
-2.373825944960117340e-02
8.850941061973571777e-02
9.197925031185150146e-02
7.153073325753211975e-03
7.196938991546630859e-02
1.190104521811008453e-02
7.568285334855318069e-03
-1.202008500695228577e-02
4.388373345136642456e-02
-6.721034646034240723e-02
4.790132865309715271e-02
