6.117264740169048309e-03
-4.493461176753044128e-02
5.109638441354036331e-03
1.966410316526889801e-02
3.598839417099952698e-02
-9.969505481421947479e-04
2.305319346487522125e-02
3.822408244013786316e-02
1.989548839628696442e-02
1.888592727482318878e-02
-1.301556918770074844e-02
8.029500953853130341e-03
5.514565855264663696e-02
-5.688092671334743500e-03
4.787938296794891357e-02
7.657344918698072433e-03
2.033565752208232880e-02
3.302655369043350220e-02
1.839702017605304718e-02
1.134037971496582031e-02
4.329198226332664490e-02
3.797870501875877380e-02
7.664049416780471802e-02
3.162265196442604065e-02
-2.718741446733474731e-02
-1.075385231524705887e-02
-1.207458227872848511e-02
-4.035414196550846100e-03
-1.228452194482088089e-02
-5.274294316768646240e-02
-1.176756899803876877e-02
1.319031137973070145e-02
-2.769541740417480469e-02
4.745132289826869965e-03
4.576389864087104797e-02
-2.057770639657974243e-02
