6.432632356882095337e-02
6.958560645580291748e-02
4.429306462407112122e-02
3.969537094235420227e-02
6.125932931900024414e-02
4.468780383467674255e-02
4.582760855555534363e-02
2.272138744592666626e-02
2.594636380672454834e-02
4.060646891593933105e-02
4.399505257606506348e-02
5.373097583651542664e-02
1.980707608163356781e-02
4.243822395801544189e-02
7.958253473043441772e-02
6.369727104902267456e-02
4.208832234144210815e-02
2.517243474721908569e-02
7.124031335115432739e-02
7.724071294069290161e-02
8.420690894126892090e-02
4.426770657300949097e-02
6.322483718395233154e-02
6.121282279491424561e-02
3.641968965530395508e-02
3.900722041726112366e-02
4.059290885925292969e-02
4.472848400473594666e-02
3.913670405745506287e-02
9.617605246603488922e-03
8.570122718811035156e-02
1.428430248051881790e-02
1.547005679458379745e-02
2.225289866328239441e-02
8.343456685543060303e-02
6.537027657032012939e-02
8.354330807924270630e-02
1.071713790297508240e-01
3.102817945182323456e-02
1.578204892575740814e-02
2.526002563536167145e-02
1.281276252120733261e-02
4.052257165312767029e-02
5.567864328622817993e-02
7.099546492099761963e-02
5.294827744364738464e-02
7.911849021911621094e-02
4.376925155520439148e-02
8.745953440666198730e-02
4.393604025244712830e-02
4.348812624812126160e-02
1.626258529722690582e-02
9.291768074035644531e-02
5.626531690359115601e-02
8.411267772316932678e-03
4.151906073093414307e-02
3.246011212468147278e-02
3.530430793762207031e-02
4.438579827547073364e-02
4.397212341427803040e-02
9.762065485119819641e-03
6.612830609083175659e-02
2.220281399786472321e-02
4.071844369173049927e-02
3.669690713286399841e-02
-7.656485773622989655e-03
4.029344394803047180e-02
7.988069206476211548e-02
4.353458434343338013e-02
2.654894255101680756e-02
2.489928156137466431e-02
4.824110493063926697e-02
4.334243759512901306e-02
7.447374612092971802e-02
6.022049486637115479e-02
4.142052307724952698e-02
6.499689817428588867e-02
5.725623667240142822e-02
8.407309651374816895e-02
4.108123853802680969e-02
4.308279231190681458e-02
6.948698312044143677e-02
4.225913807749748230e-02
1.621744409203529358e-02
7.813119888305664062e-02
5.383902415633201599e-02
8.423001319169998169e-02
6.881821900606155396e-02
7.129915058612823486e-02
3.644963726401329041e-02
6.022421270608901978e-02
5.130215734243392944e-02
5.903084203600883484e-02
7.588914036750793457e-02
3.142958879470825195e-02
2.394376881420612335e-02
6.542488187551498413e-02
7.544370740652084351e-02
1.797041110694408417e-02
3.649181872606277466e-02
7.445475459098815918e-02
7.410287111997604370e-02
4.344547539949417114e-02
4.435794427990913391e-02
-9.750028140842914581e-03
4.607988148927688599e-02
6.444459408521652222e-02
5.117403343319892883e-02
5.677063483744859695e-03
3.695720061659812927e-02
4.619156569242477417e-02
1.714595966041088104e-02
5.948708206415176392e-02
2.988059446215629578e-02
6.456340104341506958e-02
6.388086825609207153e-02
3.396609425544738770e-02
7.354570180177688599e-02
4.188089445233345032e-02
4.339079186320304871e-02
-6.319794338196516037e-03
6.970826536417007446e-02
5.357748270034790039e-02
8.058872073888778687e-02
4.386362805962562561e-02
4.627760872244834900e-02
4.065405577421188354e-02
4.455565288662910461e-02
