-1.341149657964706421e-01
7.626631110906600952e-02
4.530147090554237366e-02
-1.255603581666946411e-01
-8.372326940298080444e-02
-9.898097813129425049e-02
1.515173763036727905e-01
-7.024214416742324829e-02
-1.203566789627075195e-01
-5.561206489801406860e-02
-3.932876139879226685e-02
6.696887314319610596e-02
-1.667147576808929443e-01
-1.214809641242027283e-01
-1.400400418788194656e-02
8.282984048128128052e-02
8.999422937631607056e-02
-1.854009181261062622e-01
7.203661650419235229e-02
2.081764675676822662e-02
-1.328506320714950562e-01
-1.366462558507919312e-01
-3.809298388659954071e-03
1.235097739845514297e-02
3.489894419908523560e-02
-1.651100814342498779e-02
-2.576015293598175049e-01
1.544071827083826065e-02
2.991585806012153625e-02
4.779316857457160950e-02
-2.039936780929565430e-01
-5.470533296465873718e-02
-4.523849114775657654e-02
5.901356413960456848e-02
6.390067934989929199e-02
7.349944114685058594e-02
7.470102608203887939e-02
-1.174578219652175903e-01
-3.099592402577400208e-02
7.118254154920578003e-02
-1.356728374958038330e-01
-1.937872618436813354e-01
7.038229703903198242e-02
-1.297363042831420898e-01
8.495384454727172852e-02
-1.036406904458999634e-01
-1.952537596225738525e-01
6.705264002084732056e-02
8.928718417882919312e-02
6.102473661303520203e-02
-9.488061070442199707e-03
5.273878574371337891e-02
-1.900273747742176056e-02
2.274818718433380127e-02
-2.154199220240116119e-02
-8.369759470224380493e-02
-9.062557667493820190e-02
-6.295227259397506714e-02
6.882115732878446579e-03
-3.074203059077262878e-02
-6.194691732525825500e-02
1.002405211329460144e-01
1.082695499062538147e-01
-1.011886000633239746e-01
1.243437007069587708e-01
7.236115634441375732e-03
1.171758696436882019e-01
-1.819681525230407715e-01
-6.591834127902984619e-02
-2.070515304803848267e-01
8.303145319223403931e-02
3.487187786959111691e-04
2.597923390567302704e-02
4.640234634280204773e-02
1.012814119458198547e-01
1.663030683994293213e-02
1.573062129318714142e-02
1.420157309621572495e-02
7.687903940677642822e-02
1.028795447200536728e-02
-2.485199272632598877e-01
-2.337481826543807983e-01
-1.457071602344512939e-01
1.032478883862495422e-01
-2.447721213102340698e-01
8.803040534257888794e-02
5.489695072174072266e-02
-1.374274343252182007e-01
3.981990739703178406e-02
-4.802082479000091553e-02
3.942957520484924316e-02
-6.104331463575363159e-02
-7.896858453750610352e-02
-3.954286500811576843e-02
-9.101960808038711548e-03
6.603194028139114380e-02
9.340026229619979858e-02
-1.100175082683563232e-02
-1.543369423598051071e-02
3.601956414058804512e-03
3.419939428567886353e-02
3.947645798325538635e-02
-7.840199023485183716e-02
-5.165776237845420837e-02
3.325472399592399597e-02
-1.351720094680786133e-02
-1.387816760689020157e-02
3.493416681885719299e-02
-3.342843428254127502e-02
-3.165487945079803467e-02
5.565161630511283875e-02
-2.012449651956558228e-01
-1.076215505599975586e-01
1.006844267249107361e-01
8.246140927076339722e-02
-2.416581846773624420e-02
-5.004055425524711609e-02
1.817987859249114990e-02
-8.819411695003509521e-02
4.160860180854797363e-02
-8.010013401508331299e-02
-4.736499488353729248e-02
-2.458465751260519028e-03
-6.408059503883123398e-03
-1.844842452555894852e-03
-1.723456382751464844e-02
3.940775245428085327e-02
-5.409488454461097717e-02
-3.925459831953048706e-02
-2.059430629014968872e-02
6.572151184082031250e-02
-6.689466536045074463e-02
2.781911520287394524e-03
4.897783976048231125e-03
4.358522593975067139e-03
1.544799096882343292e-02
9.514162316918373108e-03
7.914301007986068726e-02
-4.543182998895645142e-02
1.579596661031246185e-02
-3.667150065302848816e-02
-1.211538165807723999e-01
7.414113730192184448e-02
1.125820577144622803e-01
-2.092174887657165527e-01
-5.163087323307991028e-02
3.329600021243095398e-02
-1.520183980464935303e-01
9.292266517877578735e-02
-1.481544226408004761e-01
-9.887833148241043091e-02
-1.213166266679763794e-01
-1.517080813646316528e-01
-1.522735357284545898e-01
6.736590713262557983e-02
8.205094933509826660e-02
1.025726720690727234e-01
3.481773892417550087e-03
1.072428226470947266e-01
6.776981800794601440e-02
7.985440641641616821e-02
6.016083434224128723e-02
-3.729515895247459412e-02
6.223530322313308716e-02
-3.188140690326690674e-02
-6.762387603521347046e-02
-2.833279967308044434e-02
-1.495206449180841446e-02
3.322669863700866699e-02
-1.263606920838356018e-02
-6.807988137006759644e-02
-6.589641422033309937e-02
-3.649134561419487000e-02
-9.686816483736038208e-03
-7.034827768802642822e-02
-6.429780740290880203e-03
2.618469111621379852e-02
-4.784860182553529739e-03
-4.727628827095031738e-02
-2.559104189276695251e-02
-1.898451596498489380e-01
8.032751269638538361e-03
1.164311617612838745e-01
7.137238234281539917e-02
-1.309890896081924438e-01
1.071545854210853577e-01
-1.016332507133483887e-01
-1.595194041728973389e-01
1.113382130861282349e-01
-3.597568720579147339e-02
-6.114941835403442383e-02
5.316090583801269531e-02
-2.272033505141735077e-02
-5.034058168530464172e-02
4.376183822751045227e-02
-1.135464608669281006e-01
1.018433719873428345e-01
8.974969387054443359e-02
1.064020544290542603e-01
-1.127296984195709229e-01
1.048539429903030396e-01
-8.663652092218399048e-02
-1.703566461801528931e-01
-2.874153852462768555e-02
1.091853082180023193e-01
-1.204229071736335754e-01
8.317408710718154907e-02
-1.287045180797576904e-01
-2.174694389104843140e-01
9.215877950191497803e-02
7.272993028163909912e-02
-5.756928026676177979e-02
2.888107858598232269e-02
2.738356217741966248e-02
3.943767771124839783e-02
-2.528064697980880737e-02
9.118331223726272583e-02
5.333518236875534058e-02
7.771756500005722046e-02
4.948196187615394592e-02
-1.135317981243133545e-01
6.470799446105957031e-02
-1.382047533988952637e-01
-2.305181324481964111e-01
1.084616482257843018e-01
-7.020112872123718262e-02
4.660010337829589844e-02
-6.699888408184051514e-02
-1.384841203689575195e-01
9.950356930494308472e-02
7.434228807687759399e-02
-1.128041818737983704e-01
2.505346387624740601e-02
-4.071474540978670120e-03
-2.736155986785888672e-01
6.437781453132629395e-02
-3.384495154023170471e-02
3.976959362626075745e-02
-4.740959033370018005e-02
-2.030367590487003326e-02
-1.669213920831680298e-02
1.118028443306684494e-02
-3.079458884894847870e-02
3.316751867532730103e-02
-2.582120709121227264e-02
6.618324667215347290e-02
-7.424211595207452774e-03
1.515642926096916199e-02
1.716679148375988007e-02
-4.828653298318386078e-03
-5.203960835933685303e-02
3.459921106696128845e-02
-7.990819960832595825e-02
3.784509375691413879e-02
-1.836613938212394714e-02
4.604167118668556213e-02
2.324787899851799011e-02
7.250282168388366699e-02
-3.934076055884361267e-02
-7.107767462730407715e-02
5.052181705832481384e-02
-4.761876538395881653e-02
-1.920638605952262878e-02
6.289318203926086426e-02
-5.574686918407678604e-03
1.101533509790897369e-02
-7.696378976106643677e-02
1.430174428969621658e-02
-5.468316748738288879e-02
3.334502689540386200e-03
1.141074225306510925e-01
-1.312900483608245850e-01
-1.433754712343215942e-01
4.387731105089187622e-02
-5.652100220322608948e-02
-5.587108805775642395e-02
1.172654256224632263e-01
1.359891593456268311e-01
-2.621801383793354034e-02
-8.985207974910736084e-02
-1.497444063425064087e-01
1.811456233263015747e-01
-2.891112864017486572e-02
-1.014394015073776245e-01
-9.250364452600479126e-02
9.702292270958423615e-03
-3.775757551193237305e-02
-6.300719082355499268e-02
-1.348258256912231445e-01
-1.544382050633430481e-02
6.428087502717971802e-02
-1.025058478116989136e-01
1.620342768728733063e-02
-8.829738199710845947e-02
4.246776178479194641e-02
5.701952055096626282e-02
-1.150130182504653931e-01
-1.964794844388961792e-02
6.484569609165191650e-02
-7.947398722171783447e-02
-1.269402801990509033e-01
7.854797691106796265e-02
-1.255714744329452515e-01
-1.504090428352355957e-01
1.075786203145980835e-01
-2.465656399726867676e-01
-1.384731531143188477e-01
-2.390291541814804077e-02
1.371828280389308929e-02
1.079421415925025940e-01
-3.420420034672133625e-05
-8.380521833896636963e-02
6.626092642545700073e-02
-5.424239486455917358e-02
-9.969289600849151611e-02
-5.872455239295959473e-02
-7.953958958387374878e-02
-1.511593814939260483e-02
-2.168921940028667450e-02
-3.316054120659828186e-02
-2.011034637689590454e-02
-4.450888559222221375e-02
-5.318712070584297180e-02
1.816726289689540863e-02
-3.884573653340339661e-02
2.555075101554393768e-02
-5.500676110386848450e-02
-1.415503676980733871e-02
-6.585913244634866714e-03
-2.217849344015121460e-02
1.360284835100173950e-01
-1.079529374837875366e-01
-5.872208252549171448e-02
-1.031119674444198608e-01
3.935780003666877747e-02
1.207257136702537537e-01
-1.758218184113502502e-02
1.456594914197921753e-01
-1.397790759801864624e-01
-7.503421511501073837e-03
-2.272229269146919250e-02
8.302508294582366943e-02
8.539029955863952637e-02
7.707372307777404785e-02
-1.109316051006317139e-01
-1.642233878374099731e-01
-2.033047825098037720e-01
7.575986534357070923e-02
6.784564256668090820e-02
4.263545572757720947e-02
-7.417906820774078369e-02
-1.186899095773696899e-01
1.262258887290954590e-01
-2.828874439001083374e-02
5.230544134974479675e-02
5.857485905289649963e-02
1.342077106237411499e-01
-1.402573753148317337e-02
-1.215986907482147217e-01
-1.616725474596023560e-01
-1.235358715057373047e-01
6.805285811424255371e-02
-6.597712635993957520e-02
-2.047617286443710327e-01
7.841614633798599243e-02
6.761541217565536499e-02
7.555777579545974731e-02
-1.731663644313812256e-01
7.992505282163619995e-02
3.255202621221542358e-02
1.739720851182937622e-01
8.455850929021835327e-02
1.694753766059875488e-02
-1.260776817798614502e-01
-2.100306153297424316e-01
-6.300131976604461670e-02
-2.429106831550598145e-02
4.098130762577056885e-02
8.125787228345870972e-02
-1.185339614748954773e-01
-9.687748551368713379e-02
1.426559835672378540e-01
-5.600886046886444092e-02
-4.319251701235771179e-02
-1.116288527846336365e-01
-8.688894659280776978e-02
-2.028525620698928833e-02
-9.065786004066467285e-02
-4.634063690900802612e-02
-5.099608004093170166e-02
-4.692246392369270325e-02
1.420251876115798950e-01
-5.004804581403732300e-02
-6.924487650394439697e-02
1.486103422939777374e-02
-1.875735260546207428e-02
4.388581961393356323e-02
-8.765931241214275360e-03
-3.136773034930229187e-02
7.843390852212905884e-02
-8.744414895772933960e-02
1.568973623216152191e-02
-7.363440934568643570e-03
-6.713230907917022705e-02
-2.328841201961040497e-02
-1.146608665585517883e-01
-2.091100439429283142e-02
2.265850827097892761e-02
1.059127156622707844e-03
-4.416910931468009949e-02
-5.215390771627426147e-02
-4.170372709631919861e-02
5.542603135108947754e-02
3.786253929138183594e-02
2.068497473374009132e-03
-6.098525598645210266e-02
2.516727708280086517e-02
-3.740206593647599220e-03
-2.363182418048381805e-02
-5.856451392173767090e-02
3.333733975887298584e-02
-4.565169289708137512e-02
-1.596131362020969391e-02
-6.038851663470268250e-02
-7.735958695411682129e-02
-7.284942269325256348e-02
7.332678884267807007e-02
9.978257119655609131e-03
-3.639183193445205688e-02
-5.452061444520950317e-02
-1.197565346956253052e-01
7.452375441789627075e-02
-4.315689578652381897e-02
6.364172697067260742e-02
-4.295533895492553711e-02
9.169724583625793457e-02
-3.097806870937347412e-01
7.484556641429662704e-03
-8.899421244859695435e-02
7.044789940118789673e-02
-2.201152741909027100e-01
-3.496208228170871735e-03
1.171086430549621582e-01
-6.141913682222366333e-02
4.462135210633277893e-02
2.804912067949771881e-02
8.354341238737106323e-02
1.017559468746185303e-01
1.146959289908409119e-01
-1.214773282408714294e-01
-1.476706564426422119e-01
8.041837811470031738e-02
9.062473475933074951e-02
7.077079266309738159e-02
-1.231210380792617798e-01
7.728773355484008789e-02
2.890560403466224670e-02
6.068226695060729980e-02
-3.466939926147460938e-02
5.667698383331298828e-02
-1.089446768164634705e-01
2.920413203537464142e-02
4.121360182762145996e-02
5.332504399120807648e-03
1.885733008384704590e-02
-2.117359191179275513e-01
-2.660881578922271729e-01
1.278619840741157532e-02
1.515848841518163681e-02
2.473158203065395355e-02
-8.026363700628280640e-02
-1.279055792838335037e-02
-5.329971760511398315e-02
6.627799011766910553e-03
3.788189962506294250e-03
-6.167706102132797241e-02
6.707705557346343994e-02
-6.213263049721717834e-02
7.562016695737838745e-02
-4.879753291606903076e-02
-1.385303586721420288e-01
-1.306542605161666870e-01
1.064942702651023865e-01
-8.779629319906234741e-02
1.082521528005599976e-01
-5.617635697126388550e-02
-6.351906061172485352e-02
-2.018028944730758667e-01
1.009636297821998596e-01
1.178503781557083130e-01
4.259504750370979309e-02
-1.732024550437927246e-02
-1.589947752654552460e-02
2.327452041208744049e-02
-8.638425171375274658e-02
-7.546512037515640259e-02
2.305638976395130157e-02
7.277300581336021423e-03
5.417944490909576416e-02
-5.181584507226943970e-02
4.889734089374542236e-02
-5.348434671759605408e-02
2.787119522690773010e-02
-3.689435496926307678e-02
-8.033594489097595215e-02
2.962826937437057495e-02
9.135675616562366486e-03
1.300794165581464767e-02
-4.180919006466865540e-02
1.312827318906784058e-02
-7.438811659812927246e-02
4.728326946496963501e-02
-4.493806045502424240e-03
-1.309299655258655548e-02
-4.508823901414871216e-02
-6.266725063323974609e-02
1.676164939999580383e-02
-7.043309509754180908e-02
-3.801194578409194946e-02
-5.844208970665931702e-02
-4.955574125051498413e-02
-1.242036465555429459e-02
-5.794043093919754028e-02
6.503286957740783691e-02
-1.528262197971343994e-01
-7.117997854948043823e-02
9.354453533887863159e-02
-1.000137701630592346e-01
1.371534019708633423e-01
-1.864295005798339844e-01
-1.650834232568740845e-01
7.124802470207214355e-02
-1.793425083160400391e-01
-1.592454612255096436e-01
2.786889905110001564e-03
-6.143195927143096924e-02
-1.229736730456352234e-01
9.269823879003524780e-02
-4.471722990274429321e-02
1.035404428839683533e-01
3.551324829459190369e-02
7.158648967742919922e-02
-8.494958281517028809e-02
-5.965301021933555603e-02
-2.627803198993206024e-02
-4.739029705524444580e-02
3.738703439012169838e-03
1.437870413064956665e-02
-1.038799434900283813e-02
3.403623402118682861e-02
-2.983914688229560852e-02
-6.518477946519851685e-02
-6.309878826141357422e-02
4.171241447329521179e-02
-7.424671202898025513e-02
8.015743643045425415e-02
4.408213123679161072e-02
-2.539789862930774689e-02
-3.168597118929028511e-03
2.737440168857574463e-02
-2.087898924946784973e-02
-1.379694137722253799e-02
3.782748430967330933e-02
3.535186871886253357e-02
1.342593226581811905e-02
-1.080016046762466431e-02
-2.624060586094856262e-02
4.064243659377098083e-02
5.685089528560638428e-02
7.947630435228347778e-02
-1.390678621828556061e-02
1.290296912193298340e-01
-5.763530731201171875e-02
-1.539025604724884033e-01
-1.225584149360656738e-01
-4.512379691004753113e-02
-8.856832981109619141e-02
1.483424194157123566e-02
-3.013391606509685516e-02
-3.847201121971011162e-03
-3.759561851620674133e-02
-6.846853345632553101e-02
5.127652734518051147e-02
8.765199035406112671e-02
8.003973960876464844e-02
7.785698026418685913e-02
-9.222044050693511963e-02
8.775322884321212769e-02
1.654503680765628815e-02
-7.343425601720809937e-02
-8.378465473651885986e-02
4.402820765972137451e-02
-2.768581733107566833e-02
7.638216763734817505e-02
3.317566588521003723e-02
-5.096900090575218201e-02
3.980174660682678223e-03
-4.822144657373428345e-02
6.681916862726211548e-02
-6.393927149474620819e-03
2.114043943583965302e-02
-2.208741568028926849e-02
-4.629330337047576904e-02
-2.595054451376199722e-03
-7.599343359470367432e-02
-9.851390868425369263e-02
5.412088707089424133e-02
-7.341884821653366089e-02
-5.902611464262008667e-02
-3.255677223205566406e-02
-9.470247477293014526e-02
-9.864607453346252441e-02
-1.571538150310516357e-01
-1.201720982789993286e-01
-1.369986236095428467e-01
9.414021670818328857e-02
1.029188334941864014e-01
-1.535226106643676758e-01
9.306852519512176514e-02
1.097042262554168701e-01
-2.336448729038238525e-01
-1.492421776056289673e-01
-1.732699871063232422e-01
8.474905788898468018e-02
8.044066280126571655e-02
-2.462916076183319092e-02
-3.937904164195060730e-02
7.203335314989089966e-02
-1.841077767312526703e-02
8.833236247301101685e-02
-1.338203698396682739e-01
-1.324304640293121338e-01
3.768893703818321228e-02
-9.504914283752441406e-02
-3.045099787414073944e-02
7.351412624120712280e-02
4.766305908560752869e-03
7.066512107849121094e-02
-2.590136975049972534e-02
7.207475602626800537e-02
-2.457031011581420898e-01
1.017627120018005371e-01
-1.316063404083251953e-01
7.639940083026885986e-02
5.198838189244270325e-02
5.840741097927093506e-02
-1.084070354700088501e-01
1.081047654151916504e-01
4.452565684914588928e-02
-1.536190956830978394e-01
-4.248203709721565247e-02
3.617133200168609619e-02
-6.246687844395637512e-03
5.160662159323692322e-02
2.612248435616493225e-02
-7.093223929405212402e-02
-1.387674827128648758e-02
-3.992315381765365601e-02
-1.717851497232913971e-02
2.299131453037261963e-02
-1.760025024414062500e-01
1.170369386672973633e-01
-8.886951208114624023e-02
1.730787605047225952e-01
-3.306387737393379211e-02
-4.176623746752738953e-02
-7.998298853635787964e-02
9.323596954345703125e-02
-1.123823523521423340e-01
-1.745971739292144775e-01
5.043249577283859253e-02
2.273757196962833405e-02
-2.402650751173496246e-02
-1.460713893175125122e-01
2.377962507307529449e-02
1.354133430868387222e-02
4.503716155886650085e-02
-1.413620412349700928e-01
1.132650021463632584e-02
-2.131098806858062744e-01
-8.152509108185768127e-03
-1.438849605619907379e-02
9.397315792739391327e-03
1.436472125351428986e-02
-6.183420494198799133e-02
-1.015463192015886307e-02
-2.049210295081138611e-02
2.827840857207775116e-02
3.629558160901069641e-02
1.250310335308313370e-02
-3.670321404933929443e-02
-7.357485592365264893e-02
4.268664866685867310e-02
3.596530854701995850e-02
-1.431426219642162323e-02
2.588715218007564545e-02
-1.057908385992050171e-01
3.501768782734870911e-02
-2.945989184081554413e-02
2.627003472298383713e-03
-2.917183749377727509e-02
-2.891197614371776581e-02
-8.934755623340606689e-02
-4.855053871870040894e-02
-9.329527616500854492e-02
-1.145143210887908936e-01
-5.081795156002044678e-02
2.401749789714813232e-02
-9.555832296609878540e-02
4.315507784485816956e-02
-1.683931350708007812e-01
5.061642080545425415e-02
-1.229442805051803589e-01
3.391901031136512756e-02
4.936404991894960403e-03
8.586744219064712524e-02
-6.650175899267196655e-02
9.835731238126754761e-02
3.907680511474609375e-02
-1.167058199644088745e-01
-1.886156201362609863e-01
9.316074848175048828e-02
-1.403435468673706055e-01
1.155344396829605103e-01
-1.706618070602416992e-02
1.098671928048133850e-01
-2.058921307325363159e-01
4.754654318094253540e-02
6.937514990568161011e-02
5.678864195942878723e-02
-4.355650767683982849e-02
-2.189665846526622772e-02
-8.057295531034469604e-02
8.862859755754470825e-02
-8.772104047238826752e-03
6.415586173534393311e-02
-1.026570945978164673e-01
-2.273820042610168457e-01
5.657475069165229797e-02
8.517454564571380615e-02
-1.108124926686286926e-01
2.485012821853160858e-02
-1.519498974084854126e-01
-5.331169348210096359e-03
-2.186568081378936768e-01
1.672534085810184479e-02
-1.716350317001342773e-01
3.568788617849349976e-02
-8.969564922153949738e-03
3.742630407214164734e-02
-1.738483645021915436e-02
2.008266933262348175e-02
-2.277619019150733948e-02
-5.960828438401222229e-02
-2.421309472993016243e-03
-5.943182110786437988e-02
8.533231168985366821e-02
-8.046843856573104858e-02
-1.245725527405738831e-02
4.625361040234565735e-02
4.360674694180488586e-02
6.215541064739227295e-02
-1.717761605978012085e-01
-1.065922752022743225e-01
9.371557086706161499e-02
4.178304225206375122e-02
1.103053614497184753e-01
-1.747941672801971436e-01
-8.650392293930053711e-02
6.363450735807418823e-02
3.832782059907913208e-02
-2.201016545295715332e-01
-1.850744336843490601e-01
-1.213581115007400513e-01
9.044548124074935913e-02
4.319880902767181396e-02
9.775540232658386230e-02
1.033122539520263672e-01
-2.116788923740386963e-02
-1.051703020930290222e-01
4.830450192093849182e-02
-4.942896962165832520e-02
-1.677583158016204834e-01
1.645638234913349152e-02
-2.771384716033935547e-01
5.670893564820289612e-02
2.796609327197074890e-02
-1.398590952157974243e-01
2.949999272823333740e-02
-1.454572938382625580e-02
7.094097137451171875e-02
-1.504402011632919312e-01
7.524749636650085449e-02
-1.624201089143753052e-01
3.116854280233383179e-02
3.414793685078620911e-02
-4.143167659640312195e-02
7.184138894081115723e-02
-1.197187229990959167e-01
3.815353661775588989e-02
6.940103601664304733e-03
-6.320799584500491619e-04
-3.118632175028324127e-02
5.264609120786190033e-03
-2.010721340775489807e-02
-2.988598309457302094e-02
3.822764009237289429e-02
8.029488474130630493e-02
3.313694149255752563e-02
-3.814381733536720276e-02
2.585858106613159180e-02
-2.859292551875114441e-02
5.204680189490318298e-02
4.566450044512748718e-02
-3.053402304649353027e-01
8.594539016485214233e-02
8.762560784816741943e-02
-2.089703679084777832e-01
1.020334139466285706e-01
-1.342563778162002563e-01
4.448085278272628784e-02
1.068996731191873550e-02
-1.664203405380249023e-02
-3.896556794643402100e-03
-2.757510915398597717e-02
-3.292769193649291992e-02
4.706194996833801270e-02
-4.886983428150415421e-03
2.236421778798103333e-02
3.311441838741302490e-02
4.220086336135864258e-02
3.344012796878814697e-02
-5.721770599484443665e-02
-5.768850911408662796e-03
-4.972507711499929428e-03
6.135776266455650330e-02
-5.986993759870529175e-02
-2.532463893294334412e-02
-2.728343009948730469e-03
-4.815986379981040955e-03
1.032853350043296814e-01
-2.947275340557098389e-02
6.587672978639602661e-02
-1.403486132621765137e-01
6.148276850581169128e-02
-1.465310007333755493e-01
3.334272280335426331e-02
-1.965532451868057251e-02
4.608130455017089844e-02
-4.074871167540550232e-02
-8.528866618871688843e-02
-7.177689671516418457e-02
6.550700962543487549e-02
6.368625164031982422e-02
-1.336021721363067627e-01
4.082617163658142090e-02
7.380503416061401367e-02
5.255427584052085876e-02
-7.848525792360305786e-02
-1.407742947340011597e-01
-1.751092374324798584e-01
7.008784264326095581e-02
-1.607206314802169800e-01
-1.621787399053573608e-01
1.018837392330169678e-01
2.378114126622676849e-02
-2.818508446216583252e-02
-3.830588981509208679e-02
7.241553813219070435e-02
3.004403412342071533e-02
-1.060444861650466919e-01
1.319426596164703369e-01
6.565731018781661987e-03
-5.385725293308496475e-03
1.494276374578475952e-01
-1.400351375341415405e-01
-8.211919665336608887e-02
-2.164990641176700592e-02
-1.204629391431808472e-01
4.588925093412399292e-02
1.137324571609497070e-01
9.817100316286087036e-02
-1.266864985227584839e-01
-8.547842502593994141e-03
-1.706666797399520874e-01
3.118833526968955994e-02
7.664800435304641724e-02
6.741165369749069214e-02
9.371714293956756592e-02
-2.194806337356567383e-01
-3.830501064658164978e-02
-2.155216224491596222e-02
-7.442110776901245117e-02
4.554063081741333008e-02
-4.737888276576995850e-02
-7.128596305847167969e-02
-4.930276051163673401e-02
2.731366828083992004e-02
-3.644722327589988708e-02
-3.284286940470337868e-03
-2.542479895055294037e-02
1.160322800278663635e-01
6.650067120790481567e-02
9.708747267723083496e-02
-1.012231484055519104e-01
8.951717615127563477e-02
-1.946566402912139893e-01
5.323800072073936462e-02
-1.489926129579544067e-01
3.081036545336246490e-02
-7.444279640913009644e-02
6.208746507763862610e-02
1.083963736891746521e-01
1.467064861208200455e-02
1.226334720849990845e-01
-9.951219707727432251e-02
-1.478382050991058350e-01
-4.816269874572753906e-02
-3.755038604140281677e-02
-1.896576434373855591e-01
-1.268658339977264404e-01
6.877847760915756226e-02
5.591193959116935730e-02
-6.439950317144393921e-02
3.551488742232322693e-02
-1.554955393075942993e-01
-2.084483504295349121e-01
6.654926389455795288e-02
-1.616120934486389160e-01
5.257635936141014099e-02
-8.819568157196044922e-02
1.086338981986045837e-01
1.367860287427902222e-01
-5.349871516227722168e-02
-1.135280728340148926e-01
-6.110460311174392700e-02
1.095805019140243530e-01
5.782231688499450684e-02
-1.975459977984428406e-02
-8.333795517683029175e-02
-5.820947140455245972e-02
-1.383670233190059662e-02
-2.111566485837101936e-03
1.187434792518615723e-02
1.772822625935077667e-02
-6.223295629024505615e-02
-3.881853446364402771e-02
-5.040193721652030945e-02
4.405295848846435547e-02
2.368678338825702667e-02
-6.193641200661659241e-02
-1.177782565355300903e-02
-5.810184031724929810e-02
-5.816653743386268616e-02
-2.649610117077827454e-02
-6.808120757341384888e-02
-1.381171047687530518e-01
1.383867561817169189e-01
-6.468481570482254028e-02
-6.512445956468582153e-02
9.391643106937408447e-02
-1.816066056489944458e-01
6.438762694597244263e-02
3.091050870716571808e-02
-1.877757534384727478e-02
-1.300441473722457886e-01
-1.552421599626541138e-01
-3.218270465731620789e-02
4.600599408149719238e-02
7.044022530317306519e-02
4.852269217371940613e-02
-1.943386942148208618e-01
8.265248499810695648e-03
-1.308485418558120728e-01
-2.735576406121253967e-02
-1.409144699573516846e-01
4.638127982616424561e-03
-8.039635606110095978e-03
1.915711164474487305e-02
5.701430514454841614e-02
-1.047736927866935730e-01
-9.859623014926910400e-02
1.384167075157165527e-01
3.681185469031333923e-02
2.547925524413585663e-02
-1.436798274517059326e-01
-1.062110140919685364e-01
1.320385634899139404e-01
-8.362413197755813599e-02
-1.018690764904022217e-01
5.734038539230823517e-03
9.104578755795955658e-03
-7.004670798778533936e-03
-4.522760398685932159e-03
-5.640083551406860352e-02
4.134089872241020203e-02
-2.946235984563827515e-02
3.714927239343523979e-03
1.530705951154232025e-02
-4.437097813934087753e-03
1.007923204451799393e-02
7.484844885766506195e-03
4.488852992653846741e-02
5.551707372069358826e-02
-1.041492372751235962e-01
-8.463681489229202271e-02
2.289406396448612213e-02
-7.487145811319351196e-02
1.318058557808399200e-02
-2.776219248771667480e-01
1.076891794800758362e-01
-3.608383238315582275e-02
-5.253361165523529053e-02
8.191849291324615479e-02
-2.328057140111923218e-01
6.254684180021286011e-02
-6.345163285732269287e-02
-1.041168794035911560e-01
2.933143824338912964e-02
1.011840105056762695e-01
-2.264649840071797371e-03
6.175816804170608521e-02
-3.267277730628848076e-03
2.113334648311138153e-02
1.202048733830451965e-03
2.829116582870483398e-02
-1.527682598680257797e-02
4.248180240392684937e-02
4.897744953632354736e-02
-7.504903711378574371e-03
1.063966974616050720e-01
2.532928949221968651e-03
3.622195124626159668e-02
7.631798833608627319e-02
-2.012700736522674561e-01
-7.359942886978387833e-03
-1.040416285395622253e-01
4.201203584671020508e-02
-1.457466650754213333e-02
-1.718597859144210815e-01
-7.391761243343353271e-02
1.288714352995157242e-03
-2.491302415728569031e-02
-9.245534241199493408e-02
-5.821895971894264221e-02
3.345698118209838867e-02
-5.570099130272865295e-02
3.359613195061683655e-02
1.818742416799068451e-02
5.309962853789329529e-02
-7.692102342844009399e-02
1.435913704335689545e-02
2.510088309645652771e-02
1.899851858615875244e-02
8.150380849838256836e-02
-1.700676679611206055e-01
-2.681202627718448639e-02
-6.923035532236099243e-02
-1.704001575708389282e-01
1.071821004152297974e-01
6.486184149980545044e-02
2.851256355643272400e-02
4.333280026912689209e-02
-3.230090951547026634e-03
-2.847173437476158142e-02
-1.478559076786041260e-01
7.064873352646827698e-03
-1.658347249031066895e-01
8.365771733224391937e-03
-3.059469349682331085e-02
3.773005679249763489e-03
-1.413707435131072998e-01
8.806077390909194946e-02
1.213147584348917007e-02
-1.683728098869323730e-01
-1.256279796361923218e-01
-1.496093273162841797e-01
6.199329718947410583e-02
5.702270567417144775e-02
7.979034632444381714e-02
-8.533106744289398193e-02
-7.105556130409240723e-02
5.394035950303077698e-03
-8.348243683576583862e-02
2.301057800650596619e-02
-9.585507214069366455e-02
-1.630145907402038574e-01
4.340435937047004700e-02
-2.046009004116058350e-01
-1.723639369010925293e-01
-1.801889836788177490e-01
1.084490939974784851e-01
9.071317315101623535e-02
-1.092082932591438293e-01
-2.594248019158840179e-02
7.847328484058380127e-02
2.781400084495544434e-02
9.254474937915802002e-02
-1.032411605119705200e-01
-1.248932108283042908e-01
9.292978048324584961e-02
1.159728467464447021e-01
9.851591289043426514e-02
1.134771183133125305e-01
-1.606866568326950073e-01
-1.150315701961517334e-01
1.789583591744303703e-03
1.335284858942031860e-01
-5.388039350509643555e-02
-1.450661271810531616e-01
3.674455359578132629e-02
-4.380194470286369324e-02
3.073414554819464684e-03
6.073280423879623413e-02
-1.391114443540573120e-01
4.141061753034591675e-02
-3.276006132364273071e-02
-6.193486228585243225e-02
-6.632148288190364838e-03
6.144067645072937012e-02
3.668904071673750877e-03
6.678599864244461060e-02
-1.316511332988739014e-01
-1.258368492126464844e-01
7.139611989259719849e-02
-5.002146959304809570e-02
-2.200253903865814209e-01
5.852940678596496582e-02
4.222476854920387268e-02
4.229482263326644897e-02
-6.533610075712203979e-02
-4.991497099399566650e-02
1.583562791347503662e-02
5.077512562274932861e-02
8.139299601316452026e-02
-1.433522403240203857e-01
-1.282218396663665771e-01
9.256036579608917236e-02
-1.465781964361667633e-02
9.346448630094528198e-02
5.960954725742340088e-02
-1.333269923925399780e-01
-1.324670109897851944e-02
4.330963827669620514e-03
4.205225501209497452e-03
5.375939980149269104e-02
6.315551698207855225e-02
-5.006693676114082336e-02
1.483444031327962875e-02
-2.226191461086273193e-01
-8.766375482082366943e-02
-1.720577180385589600e-01
-1.953475624322891235e-01
-7.718754559755325317e-02
6.286919116973876953e-02
5.331850051879882812e-02
-4.428490623831748962e-02
8.270562440156936646e-02
-6.192231550812721252e-02
6.837224960327148438e-02
8.117630332708358765e-02
-8.770825713872909546e-02
-6.778656691312789917e-02
6.985343992710113525e-02
1.901297643780708313e-02
1.635281927883625031e-02
-6.536401063203811646e-02
6.877003610134124756e-02
1.096736639738082886e-02
-4.107222706079483032e-02
-4.571213573217391968e-02
4.261768981814384460e-02
-2.988171949982643127e-02
6.111710518598556519e-02
-4.297563433647155762e-02
-1.034167483448982239e-01
-2.456863969564437866e-01
7.667403668165206909e-02
1.037600338459014893e-01
8.569836616516113281e-02
-6.297817081212997437e-02
-2.416695840656757355e-02
-2.238298393785953522e-02
-2.769546210765838623e-02
8.185641840100288391e-03
2.475558780133724213e-02
4.163556732237339020e-03
-2.107588574290275574e-02
-4.940872639417648315e-02
-3.994018584489822388e-02
1.738200336694717407e-02
-2.471548970788717270e-03
-2.084134146571159363e-02
8.795764297246932983e-02
7.593422383069992065e-02
-3.838232159614562988e-02
5.447989795356988907e-03
1.627007685601711273e-02
-2.388259023427963257e-02
4.278355836868286133e-02
-2.432563900947570801e-02
1.556331012398004532e-02
4.232661426067352295e-02
4.790770635008811951e-02
-1.124524399638175964e-01
-3.298182040452957153e-02
1.965445838868618011e-02
4.125106334686279297e-02
-4.817895218729972839e-02
-3.611158207058906555e-02
1.165483221411705017e-01
-1.389227211475372314e-01
9.162706881761550903e-02
3.970069065690040588e-02
-5.516933649778366089e-02
-1.100203320384025574e-01
5.506829172372817993e-02
-1.647013425827026367e-01
6.535962969064712524e-02
5.004157125949859619e-02
1.142706051468849182e-01
7.728213816881179810e-02
9.648268669843673706e-02
-4.651658236980438232e-02
4.293812066316604614e-02
-8.501256816089153290e-03
1.250849068164825439e-01
-1.398270726203918457e-01
-1.278643757104873657e-01
2.640061546117067337e-03
8.282705396413803101e-02
-1.908345967531204224e-01
-5.413817614316940308e-02
8.110447227954864502e-02
6.522713601589202881e-02
7.906972616910934448e-02
1.721743377856910229e-03
-1.730386614799499512e-01
5.121541023254394531e-02
8.662983030080795288e-02
3.742974251508712769e-02
-1.432697940617799759e-02
-3.303064033389091492e-02
1.032722275704145432e-02
-6.034855544567108154e-02
-1.134161464869976044e-02
-7.529529184103012085e-02
-2.575805643573403358e-03
-7.157086580991744995e-02
-1.690773479640483856e-02
1.599582135677337646e-01
9.090919047594070435e-02
1.153007000684738159e-01
-7.727623730897903442e-02
-8.027029782533645630e-02
-5.157301947474479675e-02
-1.041421368718147278e-01
7.267100363969802856e-02
-1.876573413610458374e-01
-1.013268157839775085e-01
-9.795162826776504517e-02
-2.058296836912631989e-02
-2.370044589042663574e-03
-1.874530129134654999e-02
-1.396819204092025757e-02
-7.502242177724838257e-02
-1.101228524930775166e-03
-1.231599226593971252e-02
1.528297457844018936e-02
-1.800118200480937958e-02
8.850941061973571777e-02
9.203877300024032593e-02
7.153758779168128967e-03
7.198514789342880249e-02
-1.126084290444850922e-02
7.666338235139846802e-03
-1.202008500695228577e-02
4.383854940533638000e-02
-6.720996648073196411e-02
6.827221065759658813e-02
