-8.295658230781555176e-02
-6.272737681865692139e-02
2.654188126325607300e-02
3.990867990069091320e-04
6.826714426279067993e-02
-3.160889446735382080e-02
-6.711510568857192993e-02
1.561569888144731522e-02
2.263001911342144012e-02
-1.333206612616777420e-02
1.055053770542144775e-01
7.840358652174472809e-03
-4.051550477743148804e-02
1.343012042343616486e-02
2.222968265414237976e-02
-7.206453382968902588e-02
-9.830705821514129639e-02
4.854992032051086426e-02
-9.275072254240512848e-03
4.141605645418167114e-02
-3.247728571295738220e-02
1.906507275998592377e-02
4.039159789681434631e-02
-9.845258295536041260e-02
9.822520660236477852e-04
1.108726207166910172e-02
-1.099816858768463135e-01
-1.549132019281387329e-01
1.329587679356336594e-02
-9.208351373672485352e-02
-3.952896222472190857e-02
-9.545725770294666290e-03
-4.363585636019706726e-02
1.756276562809944153e-02
-1.340550333261489868e-01
-4.874316044151782990e-03
