5.233137402683496475e-03
1.123982295393943787e-01
5.694830790162086487e-02
2.253122255206108093e-02
2.731012739241123199e-02
-1.304029580205678940e-02
8.656165748834609985e-02
1.617801934480667114e-02
6.548868119716644287e-02
3.713771328330039978e-02
3.852194175124168396e-02
3.479582443833351135e-02
2.868651412427425385e-02
4.336947575211524963e-02
1.241490803658962250e-02
7.595251500606536865e-02
7.768428325653076172e-02
4.165221005678176880e-02
4.028500989079475403e-02
3.142029047012329102e-02
4.601341485977172852e-02
2.826662920415401459e-02
3.880256786942481995e-02
-1.026201527565717697e-02
3.323706984519958496e-02
4.157749563455581665e-02
-1.374533772468566895e-02
-3.133673965930938721e-02
1.346764806658029556e-02
7.671348005533218384e-02
3.050666488707065582e-02
9.626276046037673950e-02
1.775267533957958221e-02
2.142356522381305695e-02
4.530226066708564758e-02
3.877910226583480835e-02
2.080143056809902191e-02
3.735027834773063660e-02
4.422280192375183105e-02
5.742730945348739624e-02
1.129754912108182907e-02
4.940967261791229248e-02
1.244195923209190369e-02
3.326488658785820007e-02
3.312804549932479858e-02
8.447407186031341553e-02
8.175008744001388550e-02
2.505604550242424011e-02
9.910733252763748169e-02
-5.696489010006189346e-03
7.026862353086471558e-02
1.094584241509437561e-01
2.496198564767837524e-02
3.537257760763168335e-02
9.072487801313400269e-02
4.320896789431571960e-02
4.198424518108367920e-02
2.508213557302951813e-02
4.305363073945045471e-02
4.261350631713867188e-02
5.614181235432624817e-02
9.677544236183166504e-02
4.374366998672485352e-02
6.077693402767181396e-02
-7.890587672591209412e-03
1.083174198865890503e-01
5.146523192524909973e-02
2.745862677693367004e-02
4.089169204235076904e-02
4.144979268312454224e-02
6.158871203660964966e-02
3.147917613387107849e-02
3.583348914980888367e-02
7.336551696062088013e-02
4.615831002593040466e-02
1.497382298111915588e-02
3.395903110504150391e-02
7.035838812589645386e-02
6.316725909709930420e-02
-1.164096407592296600e-02
8.764594793319702148e-02
8.617974072694778442e-02
-2.120179822668433189e-03
-1.212410070002079010e-02
-6.062639411538839340e-03
3.072774596512317657e-02
1.185748632997274399e-02
2.157182618975639343e-02
1.811907440423965454e-02
3.715993091464042664e-02
2.348187007009983063e-02
3.745609521865844727e-02
5.820878967642784119e-02
7.734480500221252441e-02
1.424393244087696075e-02
2.427853085100650787e-02
3.035436943173408508e-02
4.044966027140617371e-02
1.216777861118316650e-01
5.079455673694610596e-02
4.371071979403495789e-02
4.364702850580215454e-02
6.159970909357070923e-02
4.245109483599662781e-02
3.895202651619911194e-02
3.909273073077201843e-02
6.788946688175201416e-02
9.735129028558731079e-02
3.747811540961265564e-02
-1.518821064382791519e-02
1.089048013091087341e-01
2.863122522830963135e-02
2.457141876220703125e-02
4.557860642671585083e-02
4.917056858539581299e-02
9.271822869777679443e-02
2.011449821293354034e-02
3.720001503825187683e-02
4.452132806181907654e-02
5.545670166611671448e-02
6.575772911310195923e-02
5.590184032917022705e-02
8.096748590469360352e-02
-8.633944205939769745e-03
6.316096521914005280e-03
2.921439148485660553e-02
1.634205132722854614e-02
1.603904739022254944e-02
