-1.038752589374780655e-02
-1.410086080431938171e-02
-4.617911204695701599e-02
-4.946525767445564270e-02
-7.312633097171783447e-02
-4.279584810137748718e-02
-1.058228872716426849e-02
-8.073081076145172119e-02
-4.945684969425201416e-02
1.512160003185272217e-01
1.184606850147247314e-01
-2.018708586692810059e-01
-1.920855343341827393e-01
8.726294338703155518e-02
-2.337290942668914795e-01
9.471820294857025146e-02
5.011139810085296631e-02
-7.848861068487167358e-02
6.955399364233016968e-02
-1.540926694869995117e-01
-3.221064805984497070e-01
-4.032175242900848389e-02
-1.017820164561271667e-01
5.629085376858711243e-02
2.187393791973590851e-02
4.834277555346488953e-02
-2.929330468177795410e-01
5.958215147256851196e-02
4.185847938060760498e-02
4.747140407562255859e-02
-1.588751822710037231e-01
7.423912733793258667e-02
-1.184533983469009399e-01
-6.780842691659927368e-02
5.465806648135185242e-02
-1.731849461793899536e-01
-2.585021257400512695e-01
1.241525560617446899e-01
-2.183673381805419922e-01
1.014821678400039673e-01
6.937370449304580688e-02
1.270722150802612305e-01
5.619834363460540771e-02
8.804850280284881592e-02
-1.884458810091018677e-01
7.029148191213607788e-02
-6.865087151527404785e-02
-6.410438567399978638e-02
-1.257483065128326416e-01
-2.056031376123428345e-01
-2.182704657316207886e-01
2.867324277758598328e-02
-2.079928517341613770e-01
8.421266824007034302e-02
6.824145466089248657e-02
6.402408331632614136e-02
-2.509708702564239502e-01
9.280525147914886475e-02
2.265906892716884613e-02
7.685673981904983521e-02
-2.628210783004760742e-01
-2.294854074716567993e-02
7.735684514045715332e-02
-1.382669806480407715e-01
6.300058960914611816e-02
-2.343755066394805908e-01
-6.551353633403778076e-02
-1.049732118844985962e-01
1.058764904737472534e-01
9.063730388879776001e-02
-1.496721208095550537e-01
-1.688609570264816284e-01
-4.952127858996391296e-02
3.846499323844909668e-02
1.565459966659545898e-01
1.423238962888717651e-01
1.595542766153812408e-02
-6.147303059697151184e-02
-2.322087585926055908e-01
8.368305116891860962e-02
2.082315273582935333e-02
-2.733768336474895477e-02
-1.598536074161529541e-01
-2.333745509386062622e-01
-1.539247184991836548e-01
7.955899089574813843e-02
9.511771053075790405e-02
-2.231850028038024902e-01
9.047317504882812500e-02
-1.306397616863250732e-01
-2.070546150207519531e-02
-8.570358157157897949e-02
7.372850924730300903e-02
-2.215121872723102570e-02
6.300850957632064819e-02
-3.736101090908050537e-02
2.890333719551563263e-02
-4.942484572529792786e-02
-1.199468411505222321e-02
-4.634027183055877686e-02
6.715136021375656128e-02
-4.434955120086669922e-02
-6.178992241621017456e-02
-7.223219424486160278e-02
-2.167385071516036987e-02
-9.170150011777877808e-02
4.476679489016532898e-02
-4.008357226848602295e-02
6.580547988414764404e-02
5.740046501159667969e-02
-6.394368410110473633e-02
5.758994817733764648e-02
-1.167654246091842651e-01
6.763333082199096680e-02
-5.892295390367507935e-03
-1.767356097698211670e-01
5.417649820446968079e-02
6.179611012339591980e-02
8.978546410799026489e-02
-3.059036731719970703e-01
-6.559135019779205322e-02
-2.847727201879024506e-02
-1.150875091552734375e-01
-1.315504163503646851e-01
1.146822124719619751e-01
-6.398132443428039551e-02
4.758608713746070862e-02
-7.131682336330413818e-02
4.691905528306961060e-02
-6.032634526491165161e-02
4.825034737586975098e-02
-1.962942034006118774e-01
1.006150245666503906e-01
3.720131004229187965e-03
-9.300871193408966064e-02
8.468574285507202148e-02
-1.775369793176651001e-01
1.020832657814025879e-01
-1.364585161209106445e-01
9.639813005924224854e-02
-1.450279057025909424e-01
8.550436049699783325e-02
2.244357950985431671e-02
-4.737464338541030884e-02
-1.274408847093582153e-01
1.102331653237342834e-02
-6.888096034526824951e-02
2.433240860700607300e-01
-2.669120728969573975e-01
-1.187699884176254272e-01
2.035943791270256042e-02
-1.601021736860275269e-01
6.237561628222465515e-02
7.135191559791564941e-02
-2.357823848724365234e-01
-8.387379348278045654e-02
-2.677410542964935303e-01
7.144740968942642212e-02
4.067557677626609802e-02
6.381105631589889526e-02
2.934694103896617889e-02
7.364017516374588013e-02
-1.524444073438644409e-01
-2.645995914936065674e-01
-8.315325528383255005e-02
1.125077903270721436e-01
9.738429635763168335e-02
-1.653571426868438721e-01
7.723844796419143677e-02
3.534631803631782532e-02
5.702774599194526672e-02
-6.479093432426452637e-02
-8.326000720262527466e-02
-2.559652365744113922e-02
2.090873941779136658e-02
7.071958482265472412e-02
-4.860703647136688232e-02
-8.694773539900779724e-03
-8.023144304752349854e-02
-2.469193562865257263e-02
-1.681929379701614380e-01
-1.209946870803833008e-01
9.486652165651321411e-02
-1.688275933265686035e-01
-7.202401012182235718e-02
-5.882326886057853699e-02
4.552981257438659668e-02
-1.928408294916152954e-01
-1.194729879498481750e-01
-1.150433719158172607e-01
-5.218653380870819092e-02
-5.667065083980560303e-02
2.358027268201112747e-03
7.163358386605978012e-03
-3.096356056630611420e-02
6.468158960342407227e-02
3.167337551712989807e-02
-2.817272953689098358e-02
-4.770896211266517639e-02
-1.446685288101434708e-02
5.958724766969680786e-02
-7.563273608684539795e-02
-8.865193463861942291e-03
1.248553916811943054e-01
-2.003863900899887085e-01
1.537014394998550415e-01
-1.322752051055431366e-02
-2.123862057924270630e-01
-1.864650100469589233e-01
5.688342824578285217e-02
-1.369012240320444107e-02
1.914971158839762211e-03
-3.623687475919723511e-02
2.322825789451599121e-02
-8.021255023777484894e-03
-3.690662560984492302e-03
6.354056298732757568e-02
1.336652901954948902e-03
7.094898074865341187e-02
5.710679292678833008e-02
-3.512348532676696777e-01
1.186540573835372925e-01
1.016077101230621338e-01
9.220210462808609009e-02
-1.680730283260345459e-01
-1.853550523519515991e-01
-1.700954437255859375e-01
9.556435793638229370e-02
-1.495461165904998779e-01
-1.080116182565689087e-01
-8.586351177655160427e-04
-6.875046342611312866e-02
6.456903368234634399e-02
-1.454278230667114258e-01
-6.253929436206817627e-02
-4.744203388690948486e-02
8.735410869121551514e-02
-9.660638868808746338e-03
-1.864191377535462379e-03
-3.624485805630683899e-02
1.297582834959030151e-01
2.097334899008274078e-02
-9.096051752567291260e-02
-1.387852877378463745e-01
1.144733428955078125e-01
-1.369033902883529663e-01
-1.542890369892120361e-01
1.852367818355560303e-02
-1.601742208003997803e-01
1.523304283618927002e-01
3.625035658478736877e-02
4.788007587194442749e-02
-2.040846273303031921e-02
4.577456275001168251e-04
1.957139931619167328e-02
-1.342164073139429092e-02
-9.219264239072799683e-02
2.268592827022075653e-02
3.529315348714590073e-03
3.225116059184074402e-02
-8.735988289117813110e-03
5.536534823477268219e-03
-4.546861723065376282e-02
1.404748298227787018e-03
-1.641048118472099304e-02
5.185010284185409546e-02
-8.808109164237976074e-02
-3.475659713149070740e-02
-9.746765345335006714e-02
-3.273609280586242676e-02
1.175491064786911011e-01
1.250970214605331421e-01
-7.382000982761383057e-02
-1.041741669178009033e-01
-1.756661534309387207e-01
7.446009665727615356e-02
-1.006022468209266663e-01
9.410563111305236816e-02
-9.131857752799987793e-02
-1.077880561351776123e-01
-1.129917129874229431e-01
-6.769716739654541016e-02
-1.303193569183349609e-01
-1.933135688304901123e-01
5.463764816522598267e-02
7.374335825443267822e-02
9.426959604024887085e-02
-1.217365637421607971e-01
7.341712713241577148e-02
-1.861847192049026489e-01
4.119066148996353149e-02
4.808804765343666077e-02
3.364615514874458313e-02
8.148089796304702759e-02
-1.601631790399551392e-01
5.734618380665779114e-02
4.681498184800148010e-02
-2.522675395011901855e-01
2.631208673119544983e-02
-9.623312205076217651e-02
-7.212238758802413940e-02
-1.292882710695266724e-01
-1.429734528064727783e-01
1.617984026670455933e-01
-7.528572529554367065e-02
1.042955517768859863e-01
-1.011298820376396179e-01
-1.194556206464767456e-01
-1.292147040367126465e-01
1.394085884094238281e-01
2.686562202870845795e-02
9.681359678506851196e-02
6.802009046077728271e-02
-2.840889096260070801e-01
1.090086996555328369e-01
-1.204891353845596313e-01
-2.126792632043361664e-02
-5.453726276755332947e-02
2.693343721330165863e-02
-8.676879853010177612e-02
-3.322286605834960938e-01
5.064497888088226318e-02
-1.143491342663764954e-01
1.488978862762451172e-01
-1.975583434104919434e-01
7.000274956226348877e-02
-1.550699323415756226e-01
-7.190156728029251099e-02
-4.484858363866806030e-02
1.401455551385879517e-01
-2.941763103008270264e-01
1.421887520700693130e-02
-3.153153359889984131e-01
-4.591545090079307556e-02
5.598396435379981995e-02
-1.846565604209899902e-01
-9.006445109844207764e-02
8.225522935390472412e-02
-1.226724758744239807e-01
9.678953886032104492e-02
-1.498524546623229980e-01
1.276586800813674927e-01
-1.668737381696701050e-01
-1.436621993780136108e-01
1.154745370149612427e-01
-7.048738002777099609e-02
-2.356451600790023804e-01
-1.252475529909133911e-01
-9.082558751106262207e-02
1.330119520425796509e-01
-1.547597628086805344e-02
2.555975876748561859e-02
-4.156892001628875732e-02
-2.297852560877799988e-02
-2.313869446516036987e-02
-2.606796473264694214e-02
2.040462335571646690e-03
3.328529000282287598e-02
8.712155744433403015e-03
-1.543472986668348312e-02
1.060011908411979675e-01
-1.818040162324905396e-01
-1.765509843826293945e-01
-2.759894728660583496e-02
9.814070165157318115e-02
8.448441326618194580e-02
8.540191501379013062e-02
-3.484325855970382690e-02
-4.829760640859603882e-02
-1.686642915010452271e-01
-8.951838128268718719e-03
-3.806602326221764088e-04
5.712404474616050720e-02
-3.764528408646583557e-02
3.182787448167800903e-02
5.198218673467636108e-02
-2.151730842888355255e-02
1.698395609855651855e-02
8.035790920257568359e-02
-1.318142097443342209e-02
8.631534874439239502e-02
9.279648959636688232e-02
-1.322072371840476990e-02
2.017848193645477295e-02
4.550210759043693542e-02
1.773035340011119843e-02
-4.031330347061157227e-02
-4.135524109005928040e-02
2.837821096181869507e-02
2.271953225135803223e-02
-2.023017108440399170e-01
6.079334020614624023e-02
4.992801323533058167e-02
1.373038720339536667e-02
5.786109715700149536e-02
-2.898352444171905518e-01
-1.280098557472229004e-01
2.767721749842166901e-02
4.285229369997978210e-02
7.913184165954589844e-02
-9.792551398277282715e-02
2.318803966045379639e-02
-2.384401857852935791e-01
-2.743071317672729492e-01
1.112511605024337769e-01
-6.092154979705810547e-02
1.279421299695968628e-01
-9.486103057861328125e-02
-1.311632096767425537e-01
1.266262829303741455e-01
8.508649468421936035e-02
-2.478162050247192383e-01
5.271890014410018921e-02
3.355946624651551247e-03
4.114868864417076111e-02
-2.065218240022659302e-01
-1.300485059618949890e-02
-2.490079402923583984e-01
6.163786724209785461e-02
7.682038843631744385e-02
4.270567151252180338e-04
1.097777336835861206e-01
1.199315413832664490e-01
7.879351079463958740e-02
-2.479210942983627319e-01
-2.364697456359863281e-01
-1.222804188728332520e-01
9.624761343002319336e-02
-4.203376173973083496e-02
-1.702158749103546143e-01
7.615889608860015869e-02
1.467362139374017715e-02
-4.712456371635198593e-03
-5.673091113567352295e-02
8.513493463397026062e-03
1.859767921268939972e-02
1.330160070210695267e-02
2.860762644559144974e-03
-4.131574556231498718e-02
-5.115919187664985657e-02
5.678975582122802734e-02
-6.481498479843139648e-03
4.824845865368843079e-02
-1.420127786695957184e-02
-3.271429240703582764e-02
1.782283000648021698e-02
-3.729874268174171448e-02
-4.461287334561347961e-02
4.375833552330732346e-03
2.107493579387664795e-02
-5.068681761622428894e-02
-2.130472511053085327e-01
-2.349222153425216675e-01
-1.189627721905708313e-01
8.480390161275863647e-02
1.018587425351142883e-01
-5.649789236485958099e-04
-1.338207423686981201e-01
6.093190982937812805e-02
4.086168855428695679e-02
8.195379376411437988e-02
-3.547184914350509644e-02
-2.738429009914398193e-01
6.939459126442670822e-03
-1.306088864803314209e-01
-1.612323224544525146e-01
9.265658259391784668e-02
-2.110033482313156128e-01
9.744380414485931396e-02
4.995278641581535339e-02
-1.506765186786651611e-01
1.234763190150260925e-01
4.981560632586479187e-02
-2.091916352510452271e-01
1.190476641058921814e-01
-1.588178426027297974e-02
1.168715432286262512e-01
-6.229790672659873962e-02
-1.888129413127899170e-01
-1.286454051733016968e-01
-1.774631291627883911e-01
-1.115706041455268860e-01
-9.589125961065292358e-02
-1.482994854450225830e-01
4.810076579451560974e-02
6.868350505828857422e-02
8.475586771965026855e-02
-1.793034821748733521e-01
9.283462911844253540e-02
-2.422145009040832520e-01
-1.124297734349966049e-02
1.580681651830673218e-01
-8.583288639783859253e-02
-6.124353036284446716e-02
-1.026468276977539062e-01
1.209860444068908691e-01
-1.132335290312767029e-01
-1.578102707862854004e-01
-1.692118197679519653e-01
4.742943495512008667e-02
2.209604904055595398e-02
-1.278539933264255524e-02
5.768127739429473877e-02
7.729464024305343628e-02
4.021934792399406433e-02
-1.299070566892623901e-01
3.441733866930007935e-02
-6.174311414361000061e-02
3.002537786960601807e-02
-2.958707511425018311e-01
-5.813974514603614807e-02
-1.587558835744857788e-01
1.369968950748443604e-01
9.484115988016128540e-02
-3.339298367500305176e-01
-1.617277264595031738e-01
-2.076390944421291351e-02
-1.318534016609191895e-01
8.721125125885009766e-02
-3.292366862297058105e-02
7.466159015893936157e-02
-1.996402293443679810e-01
1.549111753702163696e-01
-6.721544265747070312e-02
1.780676096677780151e-02
-4.645830020308494568e-02
1.334296464920043945e-01
-2.297921925783157349e-01
-1.290551871061325073e-01
-6.137254461646080017e-02
7.805941253900527954e-02
1.794836670160293579e-02
-4.068844020366668701e-03
-3.977606818079948425e-02
2.077558636665344238e-02
4.676021635532379150e-02
-2.554682642221450806e-02
7.045362144708633423e-02
-2.167720161378383636e-02
2.986849844455718994e-02
-2.529383003711700439e-01
-7.738475501537322998e-02
6.118880957365036011e-02
2.847392484545707703e-02
7.828383147716522217e-02
2.255582623183727264e-02
5.951353162527084351e-02
6.822200119495391846e-02
8.089789003133773804e-02
-2.467861473560333252e-01
-4.269194975495338440e-02
3.283368796110153198e-02
-7.858949899673461914e-02
-3.655112534761428833e-02
1.238300278782844543e-02
4.717375338077545166e-02
-7.631697505712509155e-02
3.909916430711746216e-02
-4.264630749821662903e-02
-2.528426237404346466e-02
5.047197267413139343e-02
3.588779270648956299e-02
7.204376906156539917e-02
-3.094259835779666901e-02
2.382062003016471863e-02
-4.390376806259155273e-02
1.723654568195343018e-02
-2.700242027640342712e-02
-9.164323657751083374e-02
3.604840859770774841e-02
-2.781460881233215332e-01
1.091635152697563171e-01
-1.077994331717491150e-01
7.517494261264801025e-02
8.455000817775726318e-02
4.923389852046966553e-02
-1.493919789791107178e-01
-1.381101012229919434e-01
-4.377291724085807800e-02
7.056859880685806274e-02
6.845021247863769531e-02
6.102160364389419556e-02
-2.471017986536026001e-01
7.805489748716354370e-02
2.546149538829922676e-03
6.910096108913421631e-02
7.584257423877716064e-02
-1.350976824760437012e-01
-7.290302962064743042e-02
-2.446570396423339844e-01
-2.075807191431522369e-02
2.393441088497638702e-02
-4.503819346427917480e-02
-3.616907075047492981e-02
-1.164925470948219299e-02
-7.100956141948699951e-02
-1.582683809101581573e-02
4.427608102560043335e-02
2.595987915992736816e-02
1.619984209537506104e-02
1.273390948772430420e-01
-1.944286525249481201e-01
-8.021132647991180420e-02
-8.071621507406234741e-02
2.711876761168241501e-03
-1.362668424844741821e-01
1.135927066206932068e-01
-2.307226806879043579e-01
-2.598220407962799072e-01
-4.757709428668022156e-02
-1.458670645952224731e-01
-2.032544314861297607e-01
-2.380988001823425293e-01
6.916271150112152100e-02
-1.771578798070549965e-03
1.211534962058067322e-01
3.614624962210655212e-02
-1.616937518119812012e-01
1.271670162677764893e-01
1.295512318611145020e-01
3.264246881008148193e-02
-2.685745432972908020e-02
1.974688842892646790e-03
2.270496450364589691e-02
3.104167990386486053e-02
8.493048138916492462e-03
-4.285502247512340546e-03
1.240934059023857117e-02
-7.767237722873687744e-03
3.243289142847061157e-02
-1.463337689638137817e-01
4.582840576767921448e-02
-9.046414494514465332e-02
-1.923061162233352661e-01
-2.069689892232418060e-02
7.428594678640365601e-02
2.314732968807220459e-02
1.178152039647102356e-01
4.970660805702209473e-02
-1.760495901107788086e-01
1.078571826219558716e-01
-1.505373716354370117e-01
2.770845964550971985e-02
-1.276995986700057983e-01
-1.375312507152557373e-01
-6.110050156712532043e-02
6.267095357179641724e-02
-3.216548264026641846e-01
-1.430207490921020508e-01
-5.423884093761444092e-02
7.776352763175964355e-02
-2.787073254585266113e-01
1.657607965171337128e-02
-1.073708608746528625e-01
-1.185746639966964722e-01
6.980077922344207764e-02
-1.041094213724136353e-01
-1.981307417154312134e-01
1.441655158996582031e-01
2.254235185682773590e-02
-6.906637549400329590e-02
1.168111041188240051e-01
1.064042001962661743e-01
-2.097638100385665894e-01
1.376915723085403442e-01
-8.914148807525634766e-02
3.218371048569679260e-02
-4.813696816563606262e-02
7.680316269397735596e-02
-1.940993070602416992e-01
8.703046292066574097e-02
1.305818557739257812e-01
-1.619512289762496948e-01
-1.712722182273864746e-01
1.389961838722229004e-01
-7.374205440282821655e-02
-4.089299589395523071e-02
1.264307349920272827e-01
-1.610711216926574707e-01
-2.996296994388103485e-02
-2.934012934565544128e-02
7.845699787139892578e-03
3.620463609695434570e-02
-7.201151456683874130e-03
8.550161495804786682e-03
7.154464721679687500e-02
-1.502657867968082428e-02
-6.985602667555212975e-04
2.875255979597568512e-02
4.370720311999320984e-02
4.780141264200210571e-02
-3.266615420579910278e-02
3.040866367518901825e-02
2.751719206571578979e-02
6.342142820358276367e-02
3.222560626454651356e-04
3.339782729744911194e-02
7.491485215723514557e-03
4.039834812283515930e-02
-1.290749758481979370e-02
1.175848767161369324e-01
-1.337490975856781006e-01
-1.648254096508026123e-01
-1.857805699110031128e-01
2.196233719587326050e-02
7.628073543310165405e-02
-5.062054097652435303e-02
1.420646309852600098e-01
9.814031422138214111e-03
-6.018621474504470825e-02
4.010223224759101868e-02
4.057168588042259216e-02
4.877604544162750244e-02
-3.135362640023231506e-02
1.001294143497943878e-02
1.016288250684738159e-02
6.458300631493330002e-03
-1.125761959701776505e-02
-7.014070171862840652e-03
3.866121871396899223e-03
1.899988623335957527e-03
-1.396324783563613892e-01
2.077168524265289307e-01
-1.065778359770774841e-01
-2.478566765785217285e-01
8.497979491949081421e-02
-2.439375072717666626e-01
4.493529722094535828e-02
1.707284897565841675e-02
-1.050344333052635193e-01
7.836270332336425781e-02
7.456883788108825684e-02
5.391927063465118408e-02
-2.826431095600128174e-01
7.931114733219146729e-02
-1.845074445009231567e-01
4.562056064605712891e-02
-1.603932976722717285e-01
-5.165923386812210083e-02
-7.503946870565414429e-02
2.068644762039184570e-01
-2.823285944759845734e-02
-1.765839457511901855e-01
9.638437628746032715e-02
-2.153617888689041138e-02
-1.501676142215728760e-01
1.479688435792922974e-01
-1.890536397695541382e-01
-1.605452299118041992e-01
-6.275136768817901611e-02
-1.274506002664566040e-01
-5.933205783367156982e-02
-8.903534710407257080e-02
-1.214256435632705688e-01
-1.849608570337295532e-01
-2.288390696048736572e-01
-3.321946561336517334e-01
1.325758844614028931e-01
1.838410831987857819e-02
9.310669847764074802e-04
-6.534463912248611450e-02
5.740742012858390808e-02
1.515087038278579712e-01
-1.189037635922431946e-01
-8.401220291852951050e-02
-1.579516083002090454e-01
8.965744078159332275e-02
-2.273735851049423218e-01
-1.534171104431152344e-01
-1.491209119558334351e-01
-5.146062374114990234e-02
3.937463462352752686e-02
-2.398858070373535156e-01
-1.022476330399513245e-01
-1.562661528587341309e-01
7.505057007074356079e-02
6.162435188889503479e-02
-1.959621012210845947e-01
6.203161925077438354e-02
-1.963241770863533020e-02
-1.462437063455581665e-01
-1.939076632261276245e-01
-5.848971381783485413e-02
1.604913622140884399e-01
-1.208232715725898743e-01
6.929246336221694946e-02
1.417366862297058105e-01
-7.613384723663330078e-02
-7.942086458206176758e-02
-2.507675290107727051e-01
4.191356524825096130e-02
-1.235056817531585693e-01
8.182739466428756714e-02
-2.368964552879333496e-01
1.128363907337188721e-01
-5.120648816227912903e-02
-1.356704626232385635e-02
8.140311390161514282e-02
-2.222736626863479614e-01
-1.457604318857192993e-01
8.581965416669845581e-02
-2.117110043764114380e-01
7.311844266951084137e-03
-1.003353446722030640e-01
-2.648347020149230957e-01
5.535155534744262695e-02
7.938396930694580078e-02
-1.508461087942123413e-01
3.828896209597587585e-02
2.839188836514949799e-02
9.151387959718704224e-02
8.565949648618698120e-02
1.138013005256652832e-01
3.988788276910781860e-02
-2.260895818471908569e-01
-1.489606201648712158e-01
-1.415594369173049927e-01
-1.586034893989562988e-02
9.317585080862045288e-02
-2.018815577030181885e-01
9.146016091108322144e-02
2.160836011171340942e-01
-1.381370425224304199e-01
-1.195175573229789734e-01
-1.221877709031105042e-01
1.219828128814697266e-01
-4.978859424591064453e-02
-1.243693530559539795e-01
-2.953656949102878571e-02
8.439651876688003540e-02
3.912995755672454834e-02
-3.126178681850433350e-02
1.741244085133075714e-02
-2.058316953480243683e-02
-3.023649193346500397e-02
-1.570871844887733459e-02
9.660149365663528442e-02
4.179532453417778015e-02
-2.470637112855911255e-02
-6.214866298250854015e-04
6.822621077299118042e-02
-1.228659152984619141e-01
2.618192322552204132e-02
6.540799979120492935e-03
-2.612326443195343018e-01
2.267413400113582611e-02
5.820818245410919189e-02
-1.415707468986511230e-01
-2.350275218486785889e-02
-1.335548907518386841e-01
-1.803204230964183807e-02
1.712378561496734619e-01
-9.119407087564468384e-02
-9.598825126886367798e-02
-1.802146434783935547e-01
-8.647178858518600464e-02
-1.441074013710021973e-01
1.932560056447982788e-01
-3.450108459219336510e-03
-1.147369742393493652e-01
-1.239645108580589294e-01
-6.015962362289428711e-02
-8.035524189472198486e-02
-1.304963380098342896e-01
-2.585673239082098007e-03
-4.386357963085174561e-02
-8.623781055212020874e-02
5.265939235687255859e-02
1.858998648822307587e-02
6.081292405724525452e-02
-7.639801502227783203e-02
3.059831913560628891e-03
-1.563159376382827759e-02
-4.711457341909408569e-02
3.693460673093795776e-02
8.036082237958908081e-02
2.345154061913490295e-04
-2.895483747124671936e-02
-6.222479790449142456e-02
-6.962276995182037354e-02
-1.597968977876007557e-03
-1.637080311775207520e-02
4.129390791058540344e-02
-1.435128599405288696e-02
-8.472227305173873901e-02
-1.537118107080459595e-02
4.229818005114793777e-03
-2.537886984646320343e-02
-1.922693289816379547e-02
-7.886258512735366821e-02
1.138374060392379761e-01
5.855988338589668274e-02
1.234769448637962341e-01
-1.675876677036285400e-01
-1.067788302898406982e-01
4.131519794464111328e-02
1.239410415291786194e-01
-1.661716401576995850e-01
-1.689193993806838989e-01
-2.406698465347290039e-01
-4.593437165021896362e-02
1.235495042055845261e-02
1.340971793979406357e-02
7.758477237075567245e-03
-7.589864730834960938e-02
1.592398993670940399e-02
-8.595651015639305115e-03
1.560349762439727783e-02
-3.950320184230804443e-02
9.106606990098953247e-02
-1.538571417331695557e-01
-1.624982357025146484e-01
1.562009751796722412e-01
-1.399396210908889771e-01
8.540701121091842651e-02
-9.202449768781661987e-02
-1.515979766845703125e-01
1.207396537065505981e-01
-7.659961283206939697e-02
8.561181277036666870e-02
-1.104472577571868896e-01
-3.202486038208007812e-02
6.194255873560905457e-02
7.498855888843536377e-02
5.557436868548393250e-02
-2.733147442340850830e-01
-2.068325281143188477e-01
8.363482356071472168e-02
4.700623452663421631e-02
-6.133482791483402252e-03
-1.526990532875061035e-01
-2.322782427072525024e-01
-1.454507112503051758e-01
-1.480664610862731934e-01
8.540111780166625977e-02
-1.616587638854980469e-01
-1.960980147123336792e-01
8.008412271738052368e-02
1.562686711549758911e-01
-2.242523059248924255e-02
-1.862548589706420898e-01
-8.674297481775283813e-02
-6.791549921035766602e-02
3.019327297806739807e-02
-1.235219538211822510e-01
-6.269302964210510254e-02
-1.615042090415954590e-01
-4.115553945302963257e-02
-6.222623959183692932e-02
2.056486010551452637e-01
6.761533766984939575e-02
-1.415131241083145142e-01
-1.691100373864173889e-02
-6.336131691932678223e-02
1.213088780641555786e-01
-1.387683302164077759e-01
-1.923958808183670044e-01
1.053564697504043579e-01
-1.246579885482788086e-01
1.534805744886398315e-01
-5.724897980690002441e-02
-3.835226967930793762e-02
-7.839832454919815063e-03
-4.473499208688735962e-02
-2.359831333160400391e-02
-9.373465180397033691e-02
4.238315392285585403e-03
-7.880365103483200073e-02
-6.037039682269096375e-02
6.209670752286911011e-02
-2.584749646484851837e-02
1.780683919787406921e-02
2.929094061255455017e-02
-2.142113400623202324e-03
-1.886357739567756653e-02
-5.921457335352897644e-02
3.165056230500340462e-03
-1.769935339689254761e-02
-3.587155416607856750e-02
3.336782753467559814e-02
3.094151057302951813e-02
-2.291808277368545532e-01
7.739955186843872070e-02
8.000656962394714355e-02
-2.321706712245941162e-01
-3.623762726783752441e-02
-5.406602472066879272e-02
4.417714849114418030e-02
8.335736393928527832e-02
-5.770872905850410461e-02
-2.007496654987335205e-01
-1.789498031139373779e-01
6.457784026861190796e-02
6.821608543395996094e-02
-2.343301102519035339e-02
9.449779987335205078e-02
-2.396556735038757324e-01
7.245741784572601318e-02
5.426340550184249878e-02
5.296764150261878967e-02
6.968801468610763550e-02
2.096909657120704651e-02
1.305722817778587341e-02
-1.906658726511523128e-04
3.618706390261650085e-02
-3.548247367143630981e-02
4.125091806054115295e-02
-6.277561187744140625e-02
4.083390906453132629e-02
-5.731730163097381592e-02
-2.856270410120487213e-02
4.034270346164703369e-02
-3.137874975800514221e-02
8.554400876164436340e-03
-4.554066807031631470e-02
2.840401418507099152e-02
1.894645951688289642e-02
-3.429245576262474060e-02
-1.782129146158695221e-02
5.582877248525619507e-02
-1.377533376216888428e-01
1.022422611713409424e-01
-4.981634020805358887e-02
-1.996506452560424805e-01
7.319250702857971191e-02
-1.572673469781875610e-01
-7.425723969936370850e-02
-1.023948714137077332e-01
5.137757956981658936e-02
3.145831823348999023e-02
-2.325789481401443481e-01
8.544763177633285522e-02
7.619603723287582397e-02
-9.865818917751312256e-02
-1.148525178432464600e-01
-8.054456114768981934e-02
-1.978864967823028564e-01
1.150413826107978821e-01
-1.131605952978134155e-01
7.389783859252929688e-02
-4.810703918337821960e-02
-2.458699280396103859e-03
-4.787451028823852539e-02
-6.045058369636535645e-02
-6.852205842733383179e-02
-3.030940331518650055e-02
-1.287112943828105927e-02
-3.110138326883316040e-02
-6.155557185411453247e-02
-1.507690455764532089e-02
-5.521945189684629440e-03
-2.470888197422027588e-02
4.326332360506057739e-03
-3.835869953036308289e-02
-2.068840339779853821e-02
-4.603087157011032104e-02
4.723746329545974731e-02
-2.451298013329505920e-02
-4.901853576302528381e-02
4.340134561061859131e-02
7.193765789270401001e-02
-1.211620941758155823e-01
7.408904284238815308e-02
8.570677787065505981e-02
1.875751912593841553e-01
7.135823369026184082e-02
-1.881665140390396118e-01
1.278931088745594025e-02
-2.369491159915924072e-01
-9.456553310155868530e-02
1.295065283775329590e-01
4.233466461300849915e-03
-1.783169955015182495e-01
1.045649424195289612e-01
-2.566458880901336670e-01
-4.171146452426910400e-02
-7.339683920145034790e-02
6.495899707078933716e-02
1.121896803379058838e-01
6.160229444503784180e-02
-6.323690991848707199e-03
1.843326352536678314e-02
1.873038336634635925e-02
1.939161308109760284e-02
2.756339497864246368e-02
5.523297190666198730e-02
-8.895526826381683350e-02
3.651001304388046265e-02
-7.729401439428329468e-02
-1.820390298962593079e-02
4.784489050507545471e-02
-5.382024496793746948e-02
2.266407757997512817e-02
-4.629815928637981415e-03
2.879901789128780365e-02
-8.524595946073532104e-02
3.681047633290290833e-02
-6.082034111022949219e-02
2.064895350486040115e-03
-2.773696556687355042e-02
1.052489131689071655e-01
-2.448498159646987915e-01
1.256944239139556885e-01
-1.279120743274688721e-01
-2.761647105216979980e-01
-1.660385876893997192e-01
4.041958227753639221e-02
-6.884804368019104004e-02
1.140194684267044067e-01
-3.156183229293674231e-04
-2.860452234745025635e-02
-2.816425859928131104e-01
-2.187305688858032227e-01
-7.288601994514465332e-02
6.302597373723983765e-02
1.073586195707321167e-01
-4.852121055591851473e-04
1.197111606597900391e-01
1.488382089883089066e-02
4.504277184605598450e-02
-3.581904992461204529e-02
-8.351425081491470337e-02
-6.081415340304374695e-02
-2.416956610977649689e-02
-1.618709228932857513e-02
-5.670835822820663452e-02
-5.752243101596832275e-02
2.423941716551780701e-02
-1.852593198418617249e-02
1.487083919346332550e-02
1.874687708914279938e-02
1.743630133569240570e-02
-3.850744292140007019e-02
-4.401953890919685364e-02
-1.528276968747377396e-02
-1.390158664435148239e-02
-5.720285326242446899e-02
-6.881663948297500610e-02
6.620607525110244751e-02
-4.082316532731056213e-02
1.562725156545639038e-01
-1.523453649133443832e-02
-1.697446554899215698e-01
-1.230301856994628906e-01
-1.606583148241043091e-01
-2.046670764684677124e-01
4.316264390945434570e-02
-8.715784549713134766e-02
4.978509619832038879e-02
-4.438867419958114624e-02
4.303316771984100342e-02
1.481445580720901489e-01
-7.022614777088165283e-02
-7.532053440809249878e-02
6.814268231391906738e-02
-1.782647669315338135e-01
-3.840284422039985657e-02
-2.772126495838165283e-01
1.139236390590667725e-01
-6.791266053915023804e-02
-7.791238278150558472e-02
-1.618177890777587891e-01
-3.957039490342140198e-02
-1.387262791395187378e-01
9.728834033012390137e-02
-1.032344251871109009e-01
1.236558035016059875e-01
1.330849081277847290e-01
-2.700533568859100342e-01
5.695331841707229614e-03
2.168406499549746513e-03
-6.162648275494575500e-02
-1.000576373189687729e-02
-1.338369958102703094e-02
-1.264384202659130096e-02
-8.717442303895950317e-02
3.624092414975166321e-02
2.679292485117912292e-02
-3.895124047994613647e-02
-4.213566426187753677e-03
8.489360660314559937e-02
-8.026447892189025879e-02
-3.309899941086769104e-02
-1.143005024641752243e-02
-1.413015276193618774e-02
-4.298839252442121506e-03
3.283887729048728943e-02
4.129965230822563171e-02
3.297607973217964172e-02
1.730621047317981720e-02
-2.951543331146240234e-01
7.184235751628875732e-02
-2.351106852293014526e-01
8.239329606294631958e-02
-8.444297313690185547e-02
8.032385259866714478e-02
-2.927535399794578552e-02
3.618629276752471924e-02
9.523498266935348511e-02
1.241657789796590805e-02
4.830856993794441223e-02
3.945457935333251953e-02
8.272635936737060547e-02
-2.617130279541015625e-01
4.663046076893806458e-02
-1.747041195631027222e-01
-5.985201802104711533e-03
3.724896907806396484e-02
-1.235887501388788223e-02
3.877056296914815903e-03
4.166599735617637634e-02
-1.060974877327680588e-02
-2.825691401958465576e-01
-9.299127012491226196e-02
-1.963616460561752319e-01
8.524022251367568970e-02
1.358711123466491699e-01
-8.561816066503524780e-02
1.003495231270790100e-01
9.254529327154159546e-02
-3.770260810852050781e-01
-3.938429802656173706e-02
8.989116549491882324e-02
8.876127749681472778e-02
-1.929093152284622192e-01
1.004711538553237915e-01
4.122037068009376526e-02
-2.334167957305908203e-01
3.129153326153755188e-02
-9.566465020179748535e-02
-3.402937948703765869e-02
7.774131000041961670e-02
4.686914756894111633e-02
3.746315836906433105e-02
-1.246565431356430054e-01
-1.022708192467689514e-01
-2.910941243171691895e-01
1.045622676610946655e-01
-2.430343329906463623e-01
9.190358221530914307e-02
-2.731211716309189796e-04
-2.514297366142272949e-01
3.793686628341674805e-02
-9.966001659631729126e-02
8.983637392520904541e-02
9.734321385622024536e-02
9.777521342039108276e-02
-1.644134521484375000e-01
-2.139642238616943359e-01
3.089533746242523193e-02
1.472436338663101196e-01
7.892008125782012939e-02
1.515450924634933472e-01
1.562051568180322647e-02
-3.021604120731353760e-01
-2.849776111543178558e-02
-4.374870099127292633e-03
1.193440183997154236e-01
-1.913304586196318269e-04
-2.549963593482971191e-01
-9.186567366123199463e-02
-2.113598436117172241e-01
3.127063065767288208e-02
5.382294580340385437e-02
-5.836092308163642883e-02
9.798368066549301147e-02
-1.190686151385307312e-01
-1.079034209251403809e-01
-2.408764809370040894e-01
1.018466502428054810e-01
-1.090190280228853226e-02
-3.793911263346672058e-02
7.627120241522789001e-03
-5.441399663686752319e-02
-1.463828422129154205e-02
2.714869938790798187e-02
1.496886834502220154e-02
-5.040309857577085495e-03
-7.105723768472671509e-02
2.842059591785073280e-03
