-2.403035201132297516e-02
-1.056566238403320312e-01
-1.723856106400489807e-02
2.874479629099369049e-03
2.796765603125095367e-02
-6.749664247035980225e-02
-2.313079079613089561e-03
1.743323355913162231e-02
-2.854703366756439209e-02
-6.823153700679540634e-03
-2.710952050983905792e-02
-1.541139744222164154e-02
5.768870562314987183e-02
-3.395444899797439575e-02
6.368359178304672241e-02
1.830940367653965950e-03
-3.494651243090629578e-02
-5.362357944250106812e-03
1.556673739105463028e-02
1.345191057771444321e-02
5.819870624691247940e-03
-3.329464234411716461e-03
7.732476294040679932e-02
-1.847161911427974701e-03
-5.695595964789390564e-02
-1.735479198396205902e-02
-5.846128240227699280e-02
-4.973802343010902405e-02
-3.955804929137229919e-02
-1.491691768169403076e-01
-3.520946949720382690e-02
-1.908113621175289154e-02
-7.816613465547561646e-02
-1.900098472833633423e-02
3.910196945071220398e-02
-3.864868730306625366e-02
