3.877777606248855591e-02
9.706715494394302368e-02
4.231927543878555298e-02
2.096236683428287506e-02
7.652466744184494019e-02
1.433074288070201874e-02
6.107017025351524353e-02
2.253717929124832153e-02
1.021593250334262848e-02
4.060646891593933105e-02
4.389477521181106567e-02
3.570501133799552917e-02
1.980707608163356781e-02
4.120802506804466248e-02
8.883309364318847656e-02
6.116631254553794861e-02
4.157005622982978821e-02
2.517243474721908569e-02
8.082713186740875244e-02
7.885477691888809204e-02
8.932501077651977539e-02
4.356999322772026062e-02
8.114145696163177490e-02
5.775689333677291870e-02
3.641968965530395508e-02
3.895853087306022644e-02
4.059290885925292969e-02
5.733479559421539307e-02
1.194689329713582993e-02
-1.565568381920456886e-03
7.282968610525131226e-02
3.256643563508987427e-02
2.010673284530639648e-03
3.179374337196350098e-02
7.578519731760025024e-02
9.010607004165649414e-02
6.379766017198562622e-02
1.136112362146377563e-01
-5.364528391510248184e-03
-3.199434280395507812e-02
-3.271477296948432922e-02
-5.732773337513208389e-03
2.283031586557626724e-03
4.645328223705291748e-02
6.672389805316925049e-02
3.999367728829383850e-02
7.514955848455429077e-02
2.662401646375656128e-02
8.841332793235778809e-02
1.193745248019695282e-02
4.348826780915260315e-02
1.626258529722690582e-02
9.080414474010467529e-02
8.356440812349319458e-02
-2.251838101074099541e-03
4.138726368546485901e-02
3.245984762907028198e-02
2.301377989351749420e-02
-3.611141070723533630e-02
4.397212341427803040e-02
-1.620935648679733276e-02
5.401821434497833252e-02
2.394825033843517303e-02
4.136022552847862244e-02
1.197311561554670334e-02
-7.656485773622989655e-03
2.796935103833675385e-02
5.318896472454071045e-02
4.353458434343338013e-02
3.600765485316514969e-03
3.785342723131179810e-02
1.411118451505899429e-02
2.659793756902217865e-02
5.813233926892280579e-02
2.593829669058322906e-02
4.141823947429656982e-02
5.778814479708671570e-02
2.156781777739524841e-02
8.268773555755615234e-02
3.990182280540466309e-02
4.307235777378082275e-02
6.426870077848434448e-02
4.223178327083587646e-02
1.621744409203529358e-02
7.021854072809219360e-02
3.876338899135589600e-02
7.098241150379180908e-02
7.051999866962432861e-02
7.337738573551177979e-02
3.644963726401329041e-02
3.830636292695999146e-02
3.494169935584068298e-02
8.011949807405471802e-02
6.946881860494613647e-02
2.272931486368179321e-02
1.221523154526948929e-02
7.455828040838241577e-02
6.770505756139755249e-02
7.676614914089441299e-03
3.649181872606277466e-02
7.350933551788330078e-02
6.837230920791625977e-02
2.237287536263465881e-02
4.371815919876098633e-02
-9.750028140842914581e-03
3.561848402023315430e-02
5.704075098037719727e-02
5.196796730160713196e-02
-3.444128436967730522e-03
1.962756738066673279e-02
2.142036147415637970e-02
1.714595966041088104e-02
5.263533070683479309e-02
1.950505003333091736e-02
4.206195846199989319e-02
5.856695771217346191e-02
3.396609425544738770e-02
5.538718774914741516e-02
-7.241812534630298615e-03
4.189716652035713196e-02
-6.320654880255460739e-03
8.246427029371261597e-02
5.797405913472175598e-02
7.251491397619247437e-02
1.570379175245761871e-02
5.698161572217941284e-02
1.494853105396032333e-02
3.337927535176277161e-02
