-1.879375725984573364e-01
1.072389036417007446e-01
1.090228408575057983e-01
-1.320818960666656494e-01
-1.021104529500007629e-01
-1.507205665111541748e-01
1.546720415353775024e-01
-3.654139861464500427e-02
-1.429539471864700317e-01
-6.314788013696670532e-02
-5.200762674212455750e-02
5.644346773624420166e-02
-2.183220684528350830e-01
-1.195237860083580017e-01
1.761247403919696808e-02
5.955736339092254639e-02
1.052829623222351074e-01
-2.948598563671112061e-01
7.704600691795349121e-02
4.420245438814163208e-02
-1.674945503473281860e-01
-1.463335156440734863e-01
-2.264728397130966187e-02
3.553022816777229309e-02
4.855782911181449890e-02
-4.118416458368301392e-02
-2.822426259517669678e-01
3.616215661168098450e-02
4.835414513945579529e-02
2.601326815783977509e-02
-2.108517587184906006e-01
-6.066060438752174377e-02
-6.174162402749061584e-02
9.697804600000381470e-02
8.607476949691772461e-02
6.340098381042480469e-02
5.299886316061019897e-02
-1.380986720323562622e-01
-5.578007176518440247e-02
6.501849740743637085e-02
-1.192241162061691284e-01
-2.098586410284042358e-01
5.453293398022651672e-02
-1.562650948762893677e-01
1.177623346447944641e-01
-1.278268992900848389e-01
-2.974334657192230225e-01
1.077218428254127502e-01
8.019111305475234985e-02
3.232630714774131775e-02
-9.488197974860668182e-03
2.099336683750152588e-02
-1.902087964117527008e-02
2.268538437783718109e-02
-4.050840437412261963e-02
-8.863737434148788452e-02
-9.062620997428894043e-02
-9.492098540067672729e-02
3.862626105546951294e-02
-3.074447065591812134e-02
-5.139395222067832947e-02
1.508009284734725952e-01
9.465426206588745117e-02
-1.101060807704925537e-01
1.253809034824371338e-01
-1.837823539972305298e-02
1.306908577680587769e-01
-2.372519671916961670e-01
-4.015501588582992554e-02
-3.056117594242095947e-01
8.303141593933105469e-02
3.487104841042309999e-04
2.597923390567302704e-02
4.640234634280204773e-02
1.008840277791023254e-01
1.662969030439853668e-02
1.634841226041316986e-02
1.420157309621572495e-02
7.687083631753921509e-02
1.028795447200536728e-02
-2.217619121074676514e-01
-2.919977009296417236e-01
-1.773383319377899170e-01
1.240687668323516846e-01
-3.146888613700866699e-01
1.170461028814315796e-01
3.087179921567440033e-02
-1.909699440002441406e-01
3.398009762167930603e-02
-8.364012837409973145e-02
3.942957520484924316e-02
-6.104331463575363159e-02
-7.896858453750610352e-02
-3.954286500811576843e-02
-9.101960808038711548e-03
6.603194028139114380e-02
9.340026229619979858e-02
-1.100175082683563232e-02
-1.543369423598051071e-02
3.601956414058804512e-03
3.419315814971923828e-02
3.953073546290397644e-02
-7.564919441938400269e-02
-5.187670886516571045e-02
3.325422108173370361e-02
-1.351723540574312210e-02
-1.389080937951803207e-02
3.493379801511764526e-02
-4.571516066789627075e-02
-3.165506199002265930e-02
8.430862426757812500e-02
-2.659366130828857422e-01
-1.394377797842025757e-01
9.038286656141281128e-02
6.693690270185470581e-02
-1.324786990880966187e-02
-5.174080654978752136e-02
-7.107048295438289642e-03
-1.148656308650970459e-01
8.033938705921173096e-02
-8.010013401508331299e-02
-4.736499488353729248e-02
-2.458465751260519028e-03
-6.408059503883123398e-03
-1.844842452555894852e-03
-1.723456382751464844e-02
3.940775245428085327e-02
-5.409488454461097717e-02
-3.925459831953048706e-02
-2.059430629014968872e-02
6.059172004461288452e-02
-9.816139191389083862e-02
2.777494024485349655e-03
4.481800366193056107e-03
3.606300801038742065e-02
-1.473005302250385284e-02
-1.620931737124919891e-02
7.694739848375320435e-02
-4.632368683815002441e-02
-1.490071974694728851e-02
3.124945424497127533e-02
-1.817559152841567993e-01
9.879218041896820068e-02
8.949767798185348511e-02
-3.647338449954986572e-01
-3.654751926660537720e-02
5.655892193317413330e-02
-2.312648892402648926e-01
1.099790260195732117e-01
-1.312696933746337891e-01
-1.298134475946426392e-01
-1.664054393768310547e-01
-2.008595466613769531e-01
-1.616025567054748535e-01
6.404775381088256836e-02
8.078620582818984985e-02
1.153277307748794556e-01
-1.531494874507188797e-02
1.147134080529212952e-01
9.081132709980010986e-02
7.835862785577774048e-02
6.012144684791564941e-02
-3.783367946743965149e-02
6.223212555050849915e-02
-3.185161575675010681e-02
-6.824921816587448120e-02
-2.525769546627998352e-02
-1.495241746306419373e-02
3.271872177720069885e-02
-1.322152558714151382e-02
-6.807988137006759644e-02
-6.589641422033309937e-02
-3.649134561419487000e-02
-9.686816483736038208e-03
-7.034827768802642822e-02
-6.429780740290880203e-03
2.618469111621379852e-02
-4.784860182553529739e-03
-4.727628827095031738e-02
-2.559104189276695251e-02
-1.714142113924026489e-01
1.184880267828702927e-03
1.213424205780029297e-01
8.892855048179626465e-02
-1.957504153251647949e-01
1.402450799942016602e-01
-1.629960834980010986e-01
-1.867826282978057861e-01
9.194391220808029175e-02
-5.954793468117713928e-02
-1.643574982881546021e-01
7.650850713253021240e-02
-4.937668517231941223e-02
-1.490125060081481934e-01
1.013117954134941101e-01
-1.766386628150939941e-01
1.076315715909004211e-01
9.078845381736755371e-02
1.188565194606781006e-01
-1.176104471087455750e-01
1.074739545583724976e-01
-1.565574705600738525e-01
-2.025015801191329956e-01
-4.081789776682853699e-02
1.044521853327751160e-01
-1.619039326906204224e-01
9.667380154132843018e-02
-2.043551951646804810e-01
-2.713450491428375244e-01
1.626352667808532715e-01
7.272300124168395996e-02
-4.890673607587814331e-02
2.887856401503086090e-02
2.735082246363162994e-02
2.719380147755146027e-02
-2.933046594262123108e-02
9.112896025180816650e-02
5.247797071933746338e-02
7.560399174690246582e-02
4.519023001194000244e-02
-1.419987827539443970e-01
7.822225242853164673e-02
-2.261598408222198486e-01
-2.607926428318023682e-01
1.080636903643608093e-01
-1.550629585981369019e-01
8.939183503389358521e-02
-5.374246835708618164e-02
-1.499546319246292114e-01
1.062781810760498047e-01
6.756977736949920654e-02
-1.377153247594833374e-01
2.383071556687355042e-02
-2.099628187716007233e-02
-3.354590833187103271e-01
6.934034079313278198e-02
-4.673619195818901062e-02
3.715367987751960754e-02
-5.528872460126876831e-02
2.045566029846668243e-02
-1.669213920831680298e-02
1.118028443306684494e-02
-3.079458884894847870e-02
3.316751867532730103e-02
-2.582120709121227264e-02
6.618324667215347290e-02
-7.424211595207452774e-03
1.515642926096916199e-02
1.716679148375988007e-02
-4.828653298318386078e-03
-5.203960835933685303e-02
3.458970040082931519e-02
-7.990819960832595825e-02
3.784509375691413879e-02
-1.836315914988517761e-02
4.604167118668556213e-02
2.322929538786411285e-02
7.250282168388366699e-02
-3.934092074632644653e-02
-7.107767462730407715e-02
5.052181705832481384e-02
-4.761876538395881653e-02
-1.920638605952262878e-02
6.289318203926086426e-02
-5.574686918407678604e-03
1.101533509790897369e-02
-7.696378976106643677e-02
1.430174428969621658e-02
-5.468316748738288879e-02
3.334502689540386200e-03
1.358484923839569092e-01
-1.981954276561737061e-01
-2.024414688348770142e-01
6.595199555158615112e-02
-8.261727541685104370e-02
-7.024408131837844849e-02
1.399998962879180908e-01
1.656327247619628906e-01
-8.646094053983688354e-02
-1.370374411344528198e-01
-1.818418055772781372e-01
1.872239559888839722e-01
-7.053047418594360352e-02
-1.218978017568588257e-01
-2.444942854344844818e-02
-1.360820047557353973e-02
-2.318023890256881714e-02
-2.712938934564590454e-02
-2.495586723089218140e-01
9.844284504652023315e-03
1.069110482931137085e-01
-1.194966882467269897e-01
8.404414169490337372e-03
-1.007925048470497131e-01
9.157965891063213348e-03
9.178806841373443604e-02
-1.619979441165924072e-01
-1.752569973468780518e-01
-1.173080410808324814e-03
-1.501789502799510956e-02
-1.476686447858810425e-01
8.693497627973556519e-02
-1.270673125982284546e-01
-1.832971274852752686e-01
1.221972778439521790e-01
-2.673226296901702881e-01
-2.182123214006423950e-01
-3.265348449349403381e-02
3.480371460318565369e-02
9.337363392114639282e-02
1.695768535137176514e-02
-4.905380308628082275e-02
1.530396342277526855e-01
-6.396128237247467041e-02
-2.499700188636779785e-01
-1.464597284793853760e-01
-1.609826385974884033e-01
3.986078873276710510e-02
-1.319235861301422119e-01
-6.970327347517013550e-02
-2.011035941541194916e-02
-4.469222947955131531e-02
-5.321026593446731567e-02
2.272415719926357269e-02
-3.884733468294143677e-02
2.056680805981159210e-02
-5.504451692104339600e-02
-1.429636962711811066e-02
-6.861171219497919083e-03
-2.220097184181213379e-02
1.594447642564773560e-01
-7.701543718576431274e-02
-9.764219820499420166e-02
-1.434601396322250366e-01
6.103784963488578796e-02
1.102040261030197144e-01
4.656700044870376587e-02
1.495767086744308472e-01
-2.350607365369796753e-01
-1.887242682278156281e-02
-3.561098128557205200e-02
7.409226894378662109e-02
9.451122581958770752e-02
9.618791192770004272e-02
-1.438650041818618774e-01
-2.709352970123291016e-01
-2.257309108972549438e-01
8.282959461212158203e-02
6.953482329845428467e-02
3.885554149746894836e-02
-5.497252196073532104e-02
-1.480142474174499512e-01
1.388145536184310913e-01
-2.249664068222045898e-02
1.211770921945571899e-01
5.519646406173706055e-02
1.228112801909446716e-01
-3.582575544714927673e-02
-1.762834638357162476e-01
-2.509617805480957031e-01
-1.721526533365249634e-01
7.705839723348617554e-02
-1.198257803916931152e-01
-2.010096162557601929e-01
9.532795101404190063e-02
7.036335021257400513e-02
6.439197063446044922e-02
-2.257754802703857422e-01
9.742262214422225952e-02
4.318709671497344971e-02
2.042274773120880127e-01
7.342910766601562500e-02
1.429760083556175232e-02
-1.624707877635955811e-01
-2.767622470855712891e-01
-2.554220519959926605e-02
-1.856775023043155670e-02
3.950894996523857117e-02
1.085652932524681091e-01
-2.200376838445663452e-01
-9.093698114156723022e-02
1.626306027173995972e-01
-6.949313730001449585e-02
-1.973407417535781860e-01
-6.751328706741333008e-02
-8.319742977619171143e-02
-9.496468305587768555e-02
-9.421905875205993652e-02
-4.880227521061897278e-02
-7.050928473472595215e-02
-4.703915491700172424e-02
1.916501820087432861e-01
-1.022236421704292297e-01
-5.065685138106346130e-02
2.667165733873844147e-02
-4.722675308585166931e-02
8.737237006425857544e-02
-2.525739930570125580e-02
-1.412930190563201904e-01
1.321181356906890869e-01
-5.577074736356735229e-02
-5.303613469004631042e-02
-5.705034360289573669e-02
-6.225886568427085876e-02
-5.197154358029365540e-02
-8.716224879026412964e-02
-5.064176023006439209e-02
6.046756356954574585e-02
-4.882273450493812561e-02
-9.873484820127487183e-02
-1.204297132790088654e-02
-3.452533483505249023e-02
4.442581906914710999e-02
6.821425259113311768e-02
1.791907474398612976e-02
-1.158035397529602051e-01
9.776616096496582031e-02
-4.789701104164123535e-02
-1.221670135855674744e-01
-1.074746325612068176e-01
9.014310687780380249e-02
-1.494610775262117386e-02
-1.024925708770751953e-01
-3.962674736976623535e-02
-9.984304197132587433e-03
-1.308229565620422363e-01
-3.432901808992028236e-03
2.179236849769949913e-03
-3.277882933616638184e-02
-1.075781285762786865e-01
-2.053928971290588379e-01
4.473379626870155334e-02
-5.185538157820701599e-02
1.032710298895835876e-01
-5.566457659006118774e-02
8.474410325288772583e-02
-3.776818215847015381e-01
3.067128174006938934e-02
-1.355930715799331665e-01
7.368259876966476440e-02
-2.723906636238098145e-01
3.843629732728004456e-02
1.265494227409362793e-01
-1.057888790965080261e-01
3.192918375134468079e-02
-2.042402699589729309e-02
1.263328343629837036e-01
1.073929220438003540e-01
1.214583888649940491e-01
-1.595085114240646362e-01
-1.880290508270263672e-01
1.222463697195053101e-01
8.954980224370956421e-02
9.275357425212860107e-02
-1.366827189922332764e-01
8.278103172779083252e-02
-1.929595880210399628e-02
7.688578963279724121e-02
-6.814448535442352295e-02
2.250642515718936920e-02
-1.395195722579956055e-01
9.941189549863338470e-03
3.222423046827316284e-02
2.346504479646682739e-03
-2.866475377231836319e-03
-2.407847642898559570e-01
-3.115198910236358643e-01
2.691599354147911072e-02
6.142011284828186035e-02
3.233866021037101746e-02
-8.015685714781284332e-03
-1.242616586387157440e-02
-6.853809952735900879e-02
-2.817152440547943115e-02
4.170520231127738953e-03
-1.378026604652404785e-01
5.229223519563674927e-02
-8.230292052030563354e-02
2.163966000080108643e-02
-1.843298599123954773e-02
-1.241750642657279968e-01
-1.720483303070068359e-01
1.437404602766036987e-01
-1.282962113618850708e-01
1.076867878437042236e-01
-8.975767344236373901e-02
-5.018836259841918945e-02
-2.564812600612640381e-01
1.495910882949829102e-01
1.051749438047409058e-01
7.064602524042129517e-02
7.384064607322216034e-03
-4.477237910032272339e-02
5.426751449704170227e-02
-6.566026806831359863e-02
-3.395083546638488770e-02
-1.229610200971364975e-02
4.366222769021987915e-02
2.561615966260433197e-02
-4.135850816965103149e-02
4.889734089374542236e-02
-5.348434671759605408e-02
2.787119522690773010e-02
-3.689435496926307678e-02
-8.033594489097595215e-02
2.962824329733848572e-02
9.136370383203029633e-03
1.300794165581464767e-02
-4.180973768234252930e-02
1.312827318906784058e-02
-7.438811659812927246e-02
4.728326946496963501e-02
-4.493806045502424240e-03
-1.309299655258655548e-02
-4.508823901414871216e-02
-6.266725063323974609e-02
1.676164939999580383e-02
-7.043309509754180908e-02
-3.801194578409194946e-02
-5.844208970665931702e-02
-8.736620098352432251e-02
-1.890644431114196777e-02
-6.190896406769752502e-02
5.709544941782951355e-02
-1.724090874195098877e-01
-6.835810095071792603e-02
1.056666299700737000e-01
-1.670444011688232422e-01
1.817814707756042480e-01
-2.742573320865631104e-01
-2.839811444282531738e-01
5.604602769017219543e-02
-2.116940766572952271e-01
-1.718291342258453369e-01
1.333299744874238968e-02
-1.007306873798370361e-01
-1.956252008676528931e-01
1.405514329671859741e-01
-9.490842372179031372e-02
1.063857078552246094e-01
1.002625077962875366e-01
1.290210485458374023e-01
-8.088344335556030273e-02
-1.120617315173149109e-01
-9.446679055690765381e-02
-1.407790482044219971e-01
1.584341749548912048e-02
-4.514230415225028992e-02
-4.716129601001739502e-02
2.594560571014881134e-02
-2.983914688229560852e-02
-6.518479436635971069e-02
-6.309878826141357422e-02
4.305296018719673157e-02
-7.424671202898025513e-02
7.051653414964675903e-02
4.408213123679161072e-02
-2.539903298020362854e-02
-3.168846713379025459e-03
2.737426385283470154e-02
-2.087898924946784973e-02
-1.379694137722253799e-02
3.782748430967330933e-02
3.535186871886253357e-02
1.342611759901046753e-02
-1.080016046762466431e-02
-2.624060586094856262e-02
4.064243659377098083e-02
5.685089528560638428e-02
7.947594672441482544e-02
8.073808997869491577e-02
1.393757313489913940e-01
-6.810747087001800537e-02
-2.799395620822906494e-01
-8.920962363481521606e-02
-5.184318125247955322e-02
-1.621019840240478516e-01
-1.872537098824977875e-02
-2.837642468512058258e-02
-1.251523033715784550e-03
-2.146527916193008423e-02
-1.737569272518157959e-02
3.972511738538742065e-02
2.452193200588226318e-02
-1.384627632796764374e-02
1.006406545639038086e-01
-8.913487195968627930e-02
7.431664317846298218e-02
-3.585070589906536043e-05
-4.265801608562469482e-02
-8.378465473651885986e-02
4.402820765972137451e-02
-2.768581733107566833e-02
7.638216763734817505e-02
3.317566588521003723e-02
-5.096900090575218201e-02
3.980174660682678223e-03
-4.822144657373428345e-02
6.681916862726211548e-02
-6.393927149474620819e-03
6.235363706946372986e-02
-4.542627930641174316e-02
-8.391947299242019653e-02
-3.105188347399234772e-02
-1.135906726121902466e-01
-1.625170558691024780e-01
9.239904582500457764e-02
-6.313125044107437134e-02
-6.605003029108047485e-02
-1.011323034763336182e-01
-8.022008836269378662e-02
-1.207744255661964417e-01
-2.441163510084152222e-01
-1.420443803071975708e-01
-1.873529553413391113e-01
1.112682744860649109e-01
1.124154925346374512e-01
-2.064261585474014282e-01
1.057835370302200317e-01
1.057156622409820557e-01
-3.304944634437561035e-01
-7.005999237298965454e-02
-2.390259206295013428e-01
7.345565408468246460e-02
1.074622720479965210e-01
-6.993306428194046021e-02
-6.867669522762298584e-02
5.457439273595809937e-02
1.035712752491235733e-02
1.104263216257095337e-01
-1.467273682355880737e-01
-1.988811939954757690e-01
7.689823955297470093e-02
-1.082316935062408447e-01
-2.688969299197196960e-02
3.833660855889320374e-02
-1.075095869600772858e-02
8.306892216205596924e-02
-1.571536622941493988e-02
8.244676142930984497e-02
-2.485087513923645020e-01
5.537166073918342590e-02
-1.367119997739791870e-01
6.402706354856491089e-02
9.882903099060058594e-02
6.468773633241653442e-02
-1.134054362773895264e-01
1.251689195632934570e-01
3.728906437754631042e-02
-1.576493680477142334e-01
-4.248203709721565247e-02
3.617133200168609619e-02
-6.246687844395637512e-03
5.160662159323692322e-02
2.612248435616493225e-02
-7.093223929405212402e-02
-1.387674827128648758e-02
-3.992315381765365601e-02
-1.717851497232913971e-02
2.299131453037261963e-02
-2.377729266881942749e-01
1.350129693746566772e-01
-1.064207330346107483e-01
2.213010191917419434e-01
-1.089884936809539795e-01
-5.035194009542465210e-02
-1.090564876794815063e-01
8.775269240140914917e-02
-1.536087244749069214e-01
-1.874921768903732300e-01
6.126327812671661377e-02
2.063273638486862183e-02
1.708029024302959442e-02
-1.835919469594955444e-01
8.896548300981521606e-03
8.700041100382804871e-03
5.687372013926506042e-02
-2.065763324499130249e-01
1.670230738818645477e-02
-2.823649048805236816e-01
-8.152509108185768127e-03
-1.438849605619907379e-02
9.397315792739391327e-03
1.436472125351428986e-02
-6.183420494198799133e-02
-1.015463192015886307e-02
-2.049210295081138611e-02
2.827840857207775116e-02
3.629558160901069641e-02
1.250310335308313370e-02
-3.694969415664672852e-02
-7.543986290693283081e-02
3.579511493444442749e-02
3.298238664865493774e-02
-3.637190908193588257e-02
7.842250168323516846e-02
-1.066907197237014771e-01
1.126243546605110168e-02
-7.208347786217927933e-03
-1.938995532691478729e-02
-1.468121707439422607e-01
-8.492039889097213745e-02
-1.267823874950408936e-01
8.459175936877727509e-03
-9.256269782781600952e-02
-2.043741792440414429e-01
-1.344506740570068359e-01
4.884153977036476135e-02
-1.752431988716125488e-01
7.954356819391250610e-02
-1.089669018983840942e-01
5.544378980994224548e-02
-1.669416278600692749e-01
9.845095872879028320e-02
-2.589006349444389343e-02
9.692652523517608643e-02
-1.317859143018722534e-01
8.699759095907211304e-02
4.691404849290847778e-02
-1.754506230354309082e-01
-2.329490333795547485e-01
1.066731438040733337e-01
-1.965707689523696899e-01
1.372584253549575806e-01
-8.823526650667190552e-02
1.263464540243148804e-01
-2.592125535011291504e-01
3.646103665232658386e-02
6.635612249374389648e-02
4.313448071479797363e-02
-3.309066593647003174e-02
-7.204644381999969482e-02
-7.423052191734313965e-02
9.813882410526275635e-02
-3.792302310466766357e-02
6.152876093983650208e-02
-1.035887524485588074e-01
-2.664866149425506592e-01
4.933661594986915588e-02
1.018588766455650330e-01
-1.583249866962432861e-01
3.775778412818908691e-02
-2.277599424123764038e-01
2.369357086718082428e-02
-2.500921487808227539e-01
-6.968134082853794098e-03
-2.101027220487594604e-01
6.678588688373565674e-02
-2.888188883662223816e-02
5.714600533246994019e-02
-1.738486997783184052e-02
2.008176408708095551e-02
-2.277619019150733948e-02
-5.960873886942863464e-02
-2.421314828097820282e-03
-5.949104949831962585e-02
8.533231168985366821e-02
-8.030344545841217041e-02
-1.245729997754096985e-02
4.625020176172256470e-02
4.520119354128837585e-02
3.859668970108032227e-02
-1.461419314146041870e-01
-1.660968512296676636e-01
1.121570989489555359e-01
4.710876941680908203e-02
1.201040744781494141e-01
-1.876738369464874268e-01
-1.584360897541046143e-01
8.507157117128372192e-02
1.170761417597532272e-02
-2.960034608840942383e-01
-1.896357089281082153e-01
-1.823447048664093018e-01
1.241543143987655640e-01
9.672698378562927246e-02
1.003198400139808655e-01
4.986215382814407349e-02
-3.624350950121879578e-02
-1.342804282903671265e-01
3.821847960352897644e-02
-7.325289398431777954e-02
-2.195241153240203857e-01
4.549209773540496826e-02
-3.251774013042449951e-01
4.480429738759994507e-02
6.213501095771789551e-02
-1.683550775051116943e-01
2.674976177513599396e-02
-1.469909958541393280e-02
1.011940240859985352e-01
-2.200719714164733887e-01
6.588222831487655640e-02
-2.191741615533828735e-01
5.179416760802268982e-02
6.016320362687110901e-02
-5.758621171116828918e-02
4.823632910847663879e-02
-1.502041369676589966e-01
5.410102009773254395e-02
6.940103601664304733e-03
-6.452999077737331390e-04
-3.118632547557353973e-02
5.264609120786190033e-03
-2.015711739659309387e-02
-2.988626249134540558e-02
3.822764009237289429e-02
8.029488474130630493e-02
3.313632681965827942e-02
-3.809718042612075806e-02
1.695742271840572357e-02
-8.547969907522201538e-02
6.891626119613647461e-02
5.810440331697463989e-02
-3.649821579456329346e-01
1.010419875383377075e-01
8.022613078355789185e-02
-2.337694168090820312e-01
1.013974174857139587e-01
-1.249728575348854065e-01
4.448085278272628784e-02
1.125158742070198059e-02
-1.667282357811927795e-02
-3.896584035828709602e-03
-2.746034413576126099e-02
-3.292787075042724609e-02
4.706187918782234192e-02
-5.354002118110656738e-03
2.165512181818485260e-02
3.311396390199661255e-02
4.220086336135864258e-02
3.344012796878814697e-02
-5.721770599484443665e-02
-5.768850911408662796e-03
-4.972507711499929428e-03
6.135776266455650330e-02
-5.986993759870529175e-02
-2.532463893294334412e-02
-2.728343009948730469e-03
-4.815986379981040955e-03
1.306488811969757080e-01
-9.196755290031433105e-02
1.278779059648513794e-01
-1.841781437397003174e-01
3.694986924529075623e-02
-1.417251080274581909e-01
9.215528145432472229e-03
-1.007068008184432983e-01
6.755118817090988159e-02
-5.416756495833396912e-02
-1.644804775714874268e-01
-1.054924651980400085e-01
1.065460518002510071e-01
7.528819888830184937e-02
-1.973420083522796631e-01
7.472882419824600220e-02
8.653192967176437378e-02
5.149557441473007202e-02
-1.320825219154357910e-01
-2.180685847997665405e-01
-2.232199609279632568e-01
8.254373818635940552e-02
-2.285833805799484253e-01
-1.478151381015777588e-01
9.569844603538513184e-02
2.598493546247482300e-02
-6.109806522727012634e-02
-1.558117289096117020e-02
5.682056024670600891e-02
6.003168225288391113e-02
-6.602499634027481079e-02
9.857828170061111450e-02
2.324074506759643555e-03
-1.031920127570629120e-02
1.836837381124496460e-01
-1.466013193130493164e-01
-8.904261142015457153e-02
-3.159790486097335815e-02
-1.566139012575149536e-01
4.642130434513092041e-02
1.369210183620452881e-01
1.068880781531333923e-01
-1.909454613924026489e-01
-1.141583197750151157e-03
-1.795783489942550659e-01
6.420126557350158691e-02
6.510896980762481689e-02
5.502660199999809265e-02
1.008473858237266541e-01
-2.828161418437957764e-01
-3.830501064658164978e-02
-2.155216224491596222e-02
-7.442110776901245117e-02
4.554063081741333008e-02
-4.737888276576995850e-02
-7.128596305847167969e-02
-4.930276051163673401e-02
2.731366828083992004e-02
-3.644722327589988708e-02
-3.284286940470337868e-03
-9.055619686841964722e-02
1.075596883893013000e-01
8.456872403621673584e-02
9.081220626831054688e-02
-1.414301842451095581e-01
7.427097856998443604e-02
-1.888420283794403076e-01
9.104686975479125977e-02
-1.926962286233901978e-01
3.986746445298194885e-02
-4.303615912795066833e-02
6.481208652257919312e-02
1.303583085536956787e-01
3.451563417911529541e-02
1.331285387277603149e-01
-7.308509200811386108e-02
-1.621072143316268921e-01
-1.296949833631515503e-01
-2.916332148015499115e-02
-2.756515741348266602e-01
-1.942272931337356567e-01
7.548636943101882935e-02
4.540818557143211365e-02
-1.088602542877197266e-01
8.122397959232330322e-02
-2.196428924798965454e-01
-2.427663356065750122e-01
9.718938916921615601e-02
-2.366017252206802368e-01
2.800566144287586212e-02
-1.550882011651992798e-01
1.263107806444168091e-01
1.409143060445785522e-01
-7.272074371576309204e-02
-1.252148896455764771e-01
-9.849669039249420166e-02
9.755693376064300537e-02
3.936115279793739319e-02
3.803591430187225342e-02
-9.548038989305496216e-02
-1.514975354075431824e-02
3.153439238667488098e-02
-2.551943063735961914e-02
-3.827833756804466248e-02
-9.247719310224056244e-03
-6.482907384634017944e-02
-1.084618866443634033e-01
-2.214459516108036041e-02
7.331289350986480713e-03
7.478888332843780518e-02
-9.447954595088958740e-02
-3.928544744849205017e-02
-1.070339381694793701e-01
-7.398645579814910889e-02
-6.011880189180374146e-02
-3.252271562814712524e-02
-2.257427722215652466e-01
1.753789782524108887e-01
-2.612722851336002350e-02
-9.887979179620742798e-02
1.239211037755012512e-01
-2.170123606920242310e-01
9.278362244367599487e-02
4.850494861602783203e-02
-4.917583987116813660e-02
-1.750390976667404175e-01
-2.272521704435348511e-01
-7.355944812297821045e-02
5.027658864855766296e-02
7.342544943094253540e-02
7.736088335514068604e-02
-2.864822149276733398e-01
1.006563752889633179e-02
-2.200140506029129028e-01
-4.575811699032783508e-02
-1.736113429069519043e-01
1.886161230504512787e-02
8.058104664087295532e-03
3.081703744828701019e-02
6.309352070093154907e-02
-1.258437633514404297e-01
-1.340100020170211792e-01
1.539798974990844727e-01
4.181404411792755127e-02
-4.877597466111183167e-02
-1.656210422515869141e-01
-1.338454782962799072e-01
1.527872234582901001e-01
-1.037039682269096375e-01
-1.341885030269622803e-01
5.734038539230823517e-03
9.104578755795955658e-03
-7.004670798778533936e-03
-4.522760398685932159e-03
-5.640083551406860352e-02
4.134089872241020203e-02
-2.946235984563827515e-02
3.714927239343523979e-03
1.530705951154232025e-02
-4.437097813934087753e-03
2.517358213663101196e-02
2.753687463700771332e-02
4.986457899212837219e-02
7.298605144023895264e-02
-1.460151374340057373e-01
-1.303718984127044678e-01
5.781875550746917725e-02
-1.012516319751739502e-01
-1.164818182587623596e-02
-2.811384499073028564e-01
1.324193179607391357e-01
-3.479197248816490173e-02
-1.054027006030082703e-01
9.694744646549224854e-02
-2.673091888427734375e-01
8.561239391565322876e-02
-6.444422155618667603e-02
-9.112331271171569824e-02
2.345811203122138977e-02
6.783852726221084595e-02
7.382374256849288940e-02
5.553999915719032288e-02
-8.892435580492019653e-03
-1.323937028646469116e-01
-1.595315039157867432e-01
-2.145006805658340454e-01
-1.699856854975223541e-02
-4.651832277886569500e-04
1.905122958123683929e-02
-7.452578842639923096e-02
1.341020613908767700e-01
-6.093464419245719910e-02
6.084028631448745728e-02
1.117645502090454102e-01
-3.296484947204589844e-01
3.081845818087458611e-03
-1.173651069402694702e-01
4.130076244473457336e-02
-8.090142160654067993e-02
-1.923481822013854980e-01
-7.391761243343353271e-02
1.288714352995157242e-03
-2.491302415728569031e-02
-9.245534241199493408e-02
-5.821895971894264221e-02
3.345698118209838867e-02
-5.570099130272865295e-02
3.359613195061683655e-02
1.818742416799068451e-02
5.309962853789329529e-02
-9.504039585590362549e-02
-1.676982082426548004e-02
-2.352319716010242701e-04
1.112226583063602448e-02
8.084078878164291382e-02
-2.287019789218902588e-01
-4.245730862021446228e-02
-2.321485243737697601e-02
-2.113566845655441284e-01
1.305197775363922119e-01
9.812638163566589355e-02
1.836630050092935562e-03
6.829150021076202393e-02
1.286688540130853653e-02
-4.553337022662162781e-02
-1.783585250377655029e-01
1.456523220986127853e-02
-2.038617283105850220e-01
-1.867822371423244476e-02
-6.769624352455139160e-02
-3.972211107611656189e-02
-2.164406031370162964e-01
1.301149725914001465e-01
2.973168157041072845e-02
-2.105304002761840820e-01
-2.069454640150070190e-01
-1.496727466583251953e-01
7.726165652275085449e-02
5.663852021098136902e-02
5.878941342234611511e-02
-7.664950098842382431e-03
-1.510823369026184082e-01
3.829800337553024292e-02
-7.050035893917083740e-02
2.808466926217079163e-02
-1.297627538442611694e-01
-1.603510826826095581e-01
7.974357903003692627e-02
-2.621738910675048828e-01
-2.416128367185592651e-01
-2.574501931667327881e-01
1.148045137524604797e-01
1.041462346911430359e-01
-1.264854371547698975e-01
8.590275421738624573e-03
9.676420688629150391e-02
1.838932372629642487e-02
1.128633767366409302e-01
-1.695982813835144043e-01
-1.757221966981887817e-01
9.185538440942764282e-02
1.545298844575881958e-01
1.274390220642089844e-01
1.142526790499687195e-01
-2.812200784683227539e-01
-1.312133520841598511e-01
4.284328594803810120e-02
1.177665591239929199e-01
-1.263001859188079834e-01
-1.434336304664611816e-01
3.674455359578132629e-02
-4.380194470286369324e-02
3.073414554819464684e-03
6.073280423879623413e-02
-1.391114443540573120e-01
4.141061753034591675e-02
-3.276006132364273071e-02
-6.193486228585243225e-02
-6.632148288190364838e-03
6.144067645072937012e-02
6.367173790931701660e-02
5.404315143823623657e-02
-1.693451404571533203e-01
-2.021249979734420776e-01
2.863392233848571777e-02
-4.854509606957435608e-02
-2.328188568353652954e-01
6.413707137107849121e-02
8.121857792139053345e-02
6.223607808351516724e-02
-1.343981623649597168e-01
-6.124457344412803650e-02
4.689918830990791321e-03
4.425181448459625244e-02
1.025687381625175476e-01
-1.725403368473052979e-01
-1.382815837860107422e-01
1.100054085254669189e-01
-6.565259397029876709e-02
1.047836542129516602e-01
6.738013774156570435e-02
-1.675536185503005981e-01
-1.608821190893650055e-02
-2.431234344840049744e-02
3.711286932229995728e-02
6.527367979288101196e-02
7.558237761259078979e-02
-9.686445444822311401e-02
2.581598795950412750e-02
-3.200901150703430176e-01
-1.375715136528015137e-01
-1.569087058305740356e-01
-2.469994723796844482e-01
-1.245092451572418213e-01
8.340136706829071045e-02
6.143209710717201233e-02
-8.375197649002075195e-02
9.796359390020370483e-02
-1.328327357769012451e-01
7.987780869007110596e-02
8.117630332708358765e-02
-8.770825713872909546e-02
-6.778656691312789917e-02
6.985343992710113525e-02
1.901297643780708313e-02
1.635281927883625031e-02
-6.536401063203811646e-02
6.877003610134124756e-02
1.096736639738082886e-02
-4.107222706079483032e-02
-6.190562993288040161e-02
7.553142029792070389e-03
-4.450759664177894592e-02
1.214072629809379578e-01
-6.160425394773483276e-02
-1.687553673982620239e-01
-2.818525135517120361e-01
5.930716916918754578e-02
1.316239982843399048e-01
8.769058436155319214e-02
-8.435039967298507690e-02
-3.883728384971618652e-02
8.071654592640697956e-04
-2.596406079828739166e-02
-1.192357763648033142e-01
5.160861089825630188e-02
2.880873158574104309e-03
-5.026903003454208374e-02
-3.966501355171203613e-02
-2.256246469914913177e-02
1.738187111914157867e-02
-2.474904758855700493e-03
-2.084312029182910919e-02
8.788967877626419067e-02
4.655764251947402954e-02
-3.858162462711334229e-02
5.397995468229055405e-03
1.626260206103324890e-02
-2.536087483167648315e-02
6.929174810647964478e-02
-2.432563900947570801e-02
1.556330733001232147e-02
4.233542084693908691e-02
4.790297150611877441e-02
-1.124524399638175964e-01
-3.298182040452957153e-02
1.965445838868618011e-02
4.124030843377113342e-02
-4.817895218729972839e-02
-3.611158207058906555e-02
1.022071018815040588e-01
-1.580179035663604736e-01
1.017206087708473206e-01
1.205564767587929964e-04
-8.807507902383804321e-02
-8.765067160129547119e-02
4.321668297052383423e-02
-1.676942408084869385e-01
1.060821115970611572e-01
4.976170510053634644e-02
1.004315167665481567e-01
3.768154233694076538e-02
1.184863299131393433e-01
-8.750853687524795532e-02
4.283925518393516541e-02
-5.344531498849391937e-03
1.486769020557403564e-01
-1.458490937948226929e-01
-1.899451017379760742e-01
6.326376646757125854e-02
9.775266796350479126e-02
-2.564735412597656250e-01
-7.833384722471237183e-02
6.300372630357742310e-02
8.956803381443023682e-02
9.384176880121231079e-02
-4.482862353324890137e-02
-2.006399333477020264e-01
6.546425074338912964e-02
8.601624518632888794e-02
-9.631257504224777222e-03
5.812594667077064514e-02
-7.223484106361865997e-03
1.569069549441337585e-02
-1.026971414685249329e-01
-5.471477750688791275e-03
-9.599754959344863892e-02
-1.810165494680404663e-02
-1.035569235682487488e-01
-8.072637766599655151e-02
1.654540151357650757e-01
1.058941036462783813e-01
1.397178173065185547e-01
-1.196992769837379456e-01
-1.612210124731063843e-01
1.972984522581100464e-02
-1.389136463403701782e-01
8.125506341457366943e-02
-2.281018346548080444e-01
-1.566331386566162109e-01
-1.122308075428009033e-01
3.646441036835312843e-03
-3.311811387538909912e-02
-5.729674920439720154e-02
-1.432190742343664169e-02
-8.883774280548095703e-02
-1.226451480761170387e-03
-3.592111170291900635e-02
-1.628638617694377899e-02
-2.373825944960117340e-02
8.850941061973571777e-02
9.197925031185150146e-02
7.153073325753211975e-03
7.196938991546630859e-02
1.190104521811008453e-02
7.568285334855318069e-03
-1.202008500695228577e-02
4.388373345136642456e-02
-6.721034646034240723e-02
4.790132865309715271e-02
